-1.051968000000000000e-02
2.746857000000000118e-02
1.378858999999999987e-02
6.104889000000000149e-02
6.305604000000000244e-03
-1.171917999999999918e-02
1.379062999999999990e-02
2.448900000000000035e-02
-1.305972999999999986e-03
-1.310067000000000002e-02
4.152842000000000339e-03
-1.600812000000000068e-03
1.724250000000000088e-02
1.048620999999999928e-02
-9.514295000000000738e-03
1.861484999999999876e-02
2.325208999999999956e-02
-2.610859999999999917e-02
2.825315000000000118e-02
7.777795999999999321e-02
1.171194000000000054e-02
1.018963999999999981e-02
-3.159883999999999957e-03
8.275615999999999528e-02
6.404521999999999993e-02
-1.565915999999999836e-02
3.723372999999999960e-02
7.225313999999999348e-02
