9.782649200426481173e-02
1.234185453241294639e-01
9.578151116287475508e-02
2.644989552544117078e-02
2.292843417624958191e-02
4.696509154386625112e-02
3.695607772557034376e-02
4.668598408798192712e-02
5.692961099298748939e-02
6.105298214485765929e-02
7.524325667200161549e-02
7.811506904674896112e-02
8.029868654907872105e-02
9.590845493900342078e-02
1.007886609533005379e-01
1.083636964952413156e-01
1.179512194916377821e-01
1.449681839318091026e-01
1.461228401586755488e-01
1.653204960735408791e-01
1.692704069685216917e-01
1.855795173691950350e-01
1.938644662089564763e-01
2.117507051949710228e-01
2.237748010735639836e-01
2.377961371618038111e-01
2.604370909552235491e-01
2.980181796499522529e-01
