-2.624202511743294508e+02
-2.624149308623078696e+02
-2.624095845700348946e+02
-2.624042128238843361e+02
-2.623988154003116051e+02
-2.623933921414327415e+02
-2.623879437498045490e+02
-2.623824692049940381e+02
-2.623769697287819440e+02
-2.623714441085730300e+02
-2.623658931292621901e+02
-2.623603164803324717e+02
-2.623547139963034738e+02
-2.623490861765905038e+02
-2.623434323431000621e+02
-2.623377535003221510e+02
-2.623320488769258532e+02
-2.623263189660297598e+02
-2.623205628751471181e+02
-2.623147804844598454e+02
-2.623089730989061081e+02
-2.623031403702446482e+02
-2.622972819790741141e+02
-2.622913978998340099e+02
-2.622854885231358253e+02
-2.622795532060872574e+02
-2.622735927411368948e+02
-2.622676062379048290e+02
-2.622615947849645295e+02
-2.622555571622244202e+02
-2.622494948381048516e+02
-2.622434062497231935e+02
-2.622372929406715230e+02
-2.622311534770568073e+02
-2.622249891550245593e+02
-2.622187987157078055e+02
-2.622125835415585016e+02
-2.622063425192262685e+02
-2.622000766488674230e+02
-2.621937849500877178e+02
-2.621874683383592242e+02
-2.621811261168044211e+02
-2.621747589435490795e+02
-2.621683661288266762e+02
-2.621619484948834042e+02
-2.621555052836734490e+02
-2.621490374110193784e+02
-2.621425438902101064e+02
-2.621360257421186475e+02
-2.621294820960048355e+02
-2.621229138815907618e+02
-2.621163200612807032e+02
-2.621097017671598906e+02
-2.621030580072925318e+02
-2.620963901833306409e+02
-2.620896966700491362e+02
-2.620829790763001483e+02
-2.620762361094431299e+02
-2.620694689048255555e+02
-2.620626765738921904e+02
-2.620558598763659575e+02
-2.620490182185646972e+02
-2.620421523307236953e+02
-2.620352617239809092e+02
-2.620283466116802629e+02
-2.620214072695706022e+02
-2.620144431852314142e+02
-2.620074552219847419e+02
-2.620004423416211807e+02
-2.619934057351160277e+02
-2.619863443235933005e+02
-2.619792595302090490e+02
-2.619721501588977048e+02
-2.619650170516278536e+02
-2.619578597166229770e+02
-2.619506785836518930e+02
-2.619434735991833918e+02
-2.619362445620487847e+02
-2.619289921617319123e+02
-2.619217153528118160e+02
-2.619144157420401484e+02
-2.619070919165449141e+02
-2.618997450517468337e+02
-2.618923744291898288e+02
-2.618849804499517404e+02
-2.618775632885193545e+02
-2.618701223415753248e+02
-2.618626589975816614e+02
-2.618551717747757834e+02
-2.618476617798538086e+02
-2.618401287002534445e+02
-2.618325727623431476e+02
-2.618249941026518286e+02
-2.618173920876930652e+02
-2.618097682304079967e+02
-2.618021209980411754e+02
-2.617944516463441573e+02
-2.617867595685329434e+02
-2.617790449151659686e+02
-2.617713082059922840e+02
-2.617635486942476746e+02
-2.617557677111751673e+02
-2.617479641310031866e+02
-2.617401385895615817e+02
-2.617322912612644927e+02
-2.617244215487723409e+02
-2.617165307137114496e+02
-2.617086177504763214e+02
-2.617006830706204141e+02
-2.616927268345535822e+02
-2.616847489108760101e+02
-2.616767507472033003e+02
-2.616687310608546113e+02
-2.616606893604754873e+02
-2.616526268732082485e+02
-2.616445420403251205e+02
-2.616364378374127000e+02
-2.616283122817493449e+02
-2.616201658885805159e+02
-2.616119992434298069e+02
-2.616038113672973964e+02
-2.615956037082946750e+02
-2.615873753470535235e+02
-2.615791264711342592e+02
-2.615708579447289139e+02
-2.615625688856528654e+02
-2.615542599230727205e+02
-2.615459312963487832e+02
-2.615375822234474867e+02
-2.615292142642589965e+02
-2.615208259904401871e+02
-2.615124181349752348e+02
-2.615039916789243080e+02
-2.614955452998328269e+02
-2.614870800472965016e+02
-2.614785957567488026e+02
-2.614700920936615489e+02
-2.614615700486236278e+02
-2.614530291270626208e+02
-2.614444690209700184e+02
-2.614358912800988719e+02
-2.614272944066271407e+02
-2.614186793005405320e+02
-2.614100463746850096e+02
-2.614013949793774714e+02
-2.613927256934901493e+02
-2.613840388417629583e+02
-2.613753336395316182e+02
-2.613666113831697544e+02
-2.613578714284377043e+02
-2.613491137190965219e+02
-2.613403392914801202e+02
-2.613315474274903067e+02
-2.613227378035392690e+02
-2.613139123838759019e+02
-2.613050698352125778e+02
-2.612962101706071962e+02
-2.612873348083350038e+02
-2.612784424428054422e+02
-2.612695336910154538e+02
-2.612606092650987648e+02
-2.612516684656649204e+02
-2.612427114936895123e+02
-2.612337394009253444e+02
-2.612247510803217097e+02
-2.612157470977015237e+02
-2.612067282669390806e+02
-2.611976938516013433e+02
-2.611886440905206541e+02
-2.611795799536316736e+02
-2.611705003879599190e+02
-2.611614060912887112e+02
-2.611522976059720804e+02
-2.611431743548066606e+02
-2.611340364581060953e+02
-2.611248851064526093e+02
-2.611157191502471164e+02
-2.611065390961661024e+02
-2.610973454867050805e+02
-2.610881383382895820e+02
-2.610789171490898752e+02
-2.610696835448335378e+02
-2.610604362069914828e+02
-2.610511755119551935e+02
-2.610419023801513845e+02
-2.610326163899989638e+02
-2.610233172189755919e+02
-2.610140060811533544e+02
-2.610046826097686221e+02
-2.609953463968846563e+02
-2.609859983751653090e+02
-2.609766384883452019e+02
-2.609672666856905039e+02
-2.609578829768291826e+02
-2.609484884993021865e+02
-2.609390821740137199e+02
-2.609296644131941889e+02
-2.609202362076735540e+02
-2.609107969664230495e+02
-2.609013464781168068e+02
-2.608918858909630671e+02
-2.608824148250017743e+02
-2.608729332411209612e+02
-2.608634413016665121e+02
-2.608539396645576858e+02
-2.608444280977845438e+02
-2.608349066314305560e+02
-2.608253761776931583e+02
-2.608158362716450824e+02
-2.608062866631740917e+02
-2.607967283138324888e+02
-2.607871613278766176e+02
-2.607775851054146870e+02
-2.607680000936157398e+02
-2.607584072938148552e+02
-2.607488060084266976e+02
-2.607391961209987130e+02
-2.607295786201878514e+02
-2.607199532557906991e+02
-2.607103201997140332e+02
-2.607006791791629325e+02
-2.606910317233070487e+02
-2.606813766436679316e+02
-2.606717143553174765e+02
-2.606620453322228173e+02
-2.606523697935119799e+02
-2.606426875326893651e+02
-2.606329984278908114e+02
-2.606233037907175003e+02
-2.606136028556538236e+02
-2.606038958449368010e+02
-2.605941827743681642e+02
-2.605844644690537280e+02
-2.605747407243761700e+02
-2.605650115533821918e+02
-2.605552774472677129e+02
-2.605455385499616341e+02
-2.605357947137445649e+02
-2.605260458207342822e+02
-2.605162930498667606e+02
-2.605065358566000100e+02
-2.604967743831813323e+02
-2.604870085036026239e+02
-2.604772396126462581e+02
-2.604674667312236238e+02
-2.604576902219970975e+02
-2.604479101831866501e+02
-2.604381273518908415e+02
-2.604283415322594806e+02
-2.604185508724642091e+02
-2.604087597799373270e+02
-2.603989668994323665e+02
-2.603891706479094523e+02
-2.603793717410812860e+02
-2.603695709506155254e+02
-2.603597687498955224e+02
-2.603499644308068923e+02
-2.603401584540367253e+02
-2.603303509724289597e+02
-2.603205428513369952e+02
-2.603107332688568931e+02
-2.603009226819526134e+02
-2.602911109005594881e+02
-2.602812993279260922e+02
-2.602714872397826866e+02
-2.602616745097108151e+02
-2.602518617573002757e+02
-2.602420494722951503e+02
-2.602322373219676592e+02
-2.602224253278014885e+02
-2.602126135365833761e+02
-2.602028032743239692e+02
-2.601929935076003062e+02
-2.601831846969276398e+02
-2.601733767095374787e+02
-2.601635707715173567e+02
-2.601537662730092393e+02
-2.601439630843394752e+02
-2.601341614875054233e+02
-2.601243622146855614e+02
-2.601145654198846842e+02
-2.601047705833799455e+02
-2.600949781597153674e+02
-2.600851884079065712e+02
-2.600754017356888426e+02
-2.600656179607022978e+02
-2.600558369449153133e+02
-2.600460591532061585e+02
-2.600362852253917367e+02
-2.600265149232109252e+02
-2.600167481735650767e+02
-2.600069849889149509e+02
-2.599972262208698339e+02
-2.599874717912184110e+02
-2.599777214456351544e+02
-2.599679753556512765e+02
-2.599582341383157313e+02
-2.599484983897580150e+02
-2.599387673543196229e+02
-2.599290419237167953e+02
-2.599193212690414612e+02
-2.599096061303928877e+02
-2.598998968780035739e+02
-2.598901930005450822e+02
-2.598804952166798330e+02
-2.598708032180693976e+02
-2.598611180556404179e+02
-2.598514393393307955e+02
-2.598417668773534501e+02
-2.598321011243616567e+02
-2.598224419674717751e+02
-2.598127905626251390e+02
-2.598031459821624480e+02
-2.597935088104117654e+02
-2.597838789777743500e+02
-2.597742566807442586e+02
-2.597646427546007430e+02
-2.597550364774583045e+02
-2.597454379893175656e+02
-2.597358477815167248e+02
-2.597262661330530591e+02
-2.597166935171205182e+02
-2.597071293246269192e+02
-2.596975740071603127e+02
-2.596880275695922364e+02
-2.596784903281305219e+02
-2.596689628341507046e+02
-2.596594445277265208e+02
-2.596499358569218430e+02
-2.596404364166168079e+02
-2.596309472656761841e+02
-2.596214686875851498e+02
-2.596120000560381413e+02
-2.596025418143404977e+02
-2.595930939676933349e+02
-2.595836567038655858e+02
-2.595742307864023815e+02
-2.595648155637629770e+02
-2.595554114825126817e+02
-2.595460185442287866e+02
-2.595366367915711976e+02
-2.595272672566486563e+02
-2.595179091621720318e+02
-2.595085629499178594e+02
-2.594992286218231357e+02
-2.594899061809733780e+02
-2.594805965546418065e+02
-2.594712993522226157e+02
-2.594620144127956678e+02
-2.594527423666997379e+02
-2.594434829410885186e+02
-2.594342367894003587e+02
-2.594250041082645453e+02
-2.594157844779472271e+02
-2.594065783426972871e+02
-2.593973856985946895e+02
-2.593882065458907960e+02
-2.593790418277295089e+02
-2.593698909903847607e+02
-2.593607543638741504e+02
-2.593516319470861049e+02
-2.593425237405265307e+02
-2.593334302984098940e+02
-2.593243518206396061e+02
-2.593152882643271369e+02
-2.593062396288772220e+02
-2.592972059159557148e+02
-2.592881871396746192e+02
-2.592791843580222348e+02
-2.592701972619782964e+02
-2.592612259337105343e+02
-2.592522702246865265e+02
-2.592433305665074386e+02
-2.592344069536134725e+02
-2.592254997250573183e+02
-2.592166091716840697e+02
-2.592077350773149647e+02
-2.591988774396872941e+02
-2.591900366797734705e+02
-2.591812126542580472e+02
-2.591724061192945783e+02
-2.591636169254117021e+02
-2.591548448749053364e+02
-2.591460903826726394e+02
-2.591373534458554104e+02
-2.591286340641289030e+02
-2.591199329003094363e+02
-2.591112496814543533e+02
-2.591025848335505657e+02
-2.590939382137048028e+02
-2.590853098150514597e+02
-2.590767000546408667e+02
-2.590681090536790521e+02
-2.590595370405375775e+02
-2.590509840583846994e+02
-2.590424499646775871e+02
-2.590339351640055838e+02
-2.590254396523157538e+02
-2.590169634258427322e+02
-2.590085072913027489e+02
-2.590000709029935706e+02
-2.589916541892386022e+02
-2.589832575489144801e+02
-2.589748805432134873e+02
-2.589665241698510840e+02
-2.589581882562728197e+02
-2.589498729805536641e+02
-2.589415782729305420e+02
-2.589333041436095186e+02
-2.589250509964171556e+02
-2.589168189477149440e+02
-2.589086079873259223e+02
-2.589004183524241398e+02
-2.588922503759756637e+02
-2.588841037295396177e+02
-2.588759788024778459e+02
-2.588678755871620183e+02
-2.588597940779462760e+02
-2.588517346593823731e+02
-2.588436975938349178e+02
-2.588356827441310770e+02
-2.588276903490208838e+02
-2.588197204016320825e+02
-2.588117728977608181e+02
-2.588038482118618617e+02
-2.587959463383328966e+02
-2.587880674855504139e+02
-2.587802119857749972e+02
-2.587723794634412116e+02
-2.587645703114123990e+02
-2.587567846812563062e+02
-2.587490224511544739e+02
-2.587412839925157186e+02
-2.587335693884385819e+02
-2.587258788138679506e+02
-2.587182123577279640e+02
-2.587105700108244264e+02
-2.587029517660411102e+02
-2.586953579861537946e+02
-2.586877886625865131e+02
-2.586802437883962398e+02
-2.586727239739262245e+02
-2.586652290513246726e+02
-2.586577589185268380e+02
-2.586503139277589867e+02
-2.586428939516890182e+02
-2.586354993442289469e+02
-2.586281300947438808e+02
-2.586207861922732718e+02
-2.586134683081563708e+02
-2.586061761242187913e+02
-2.585989094762076093e+02
-2.585916687620255061e+02
-2.585844543076638047e+02
-2.585772658605395691e+02
-2.585701037647873477e+02
-2.585629680099255552e+02
-2.585558588747953763e+02
-2.585487764250896703e+02
-2.585417206331053421e+02
-2.585346914907763676e+02
-2.585276893323555214e+02
-2.585207141482389943e+02
-2.585137659314262351e+02
-2.585068450099480515e+02
-2.584999515573728104e+02
-2.584930854816512920e+02
-2.584862470079264654e+02
-2.584794360105045712e+02
-2.584726528221048056e+02
-2.584658974284156443e+02
-2.584591698197326082e+02
-2.584524703192710149e+02
-2.584457989227813641e+02
-2.584391558525555297e+02
-2.584325410936270941e+02
-2.584259548307846330e+02
-2.584193969486706806e+02
-2.584128677601651702e+02
-2.584063672546010935e+02
-2.583998954232566234e+02
-2.583934525740967842e+02
-2.583870387174846428e+02
-2.583806540451400338e+02
-2.583742986353875608e+02
-2.583679724787524492e+02
-2.583616755665520373e+02
-2.583554081982721868e+02
-2.583491703636465218e+02
-2.583429620496898451e+02
-2.583367835602409741e+02
-2.583306348807570885e+02
-2.583245161695370484e+02
-2.583184276012312921e+02
-2.583123691116155101e+02
-2.583063406909819264e+02
-2.583003608493197021e+02
-2.582944122004907399e+02
-2.582884753079210896e+02
-2.582825690138260484e+02
-2.582766933071990252e+02
-2.582708481791756299e+02
-2.582650302673362717e+02
-2.582592107262354375e+02
-2.582534579902291512e+02
-2.582477367373588208e+02
-2.582420467831881297e+02
-2.582363874191673858e+02
-2.582307594364551164e+02
-2.582251628259176641e+02
-2.582195975754470396e+02
-2.582140638079874293e+02
-2.582085619529276528e+02
-2.582030917422150083e+02
-2.581976534008767885e+02
-2.581922469181533870e+02
-2.581868722851023108e+02
-2.581815297586671250e+02
-2.581762193288856793e+02
-2.581709409875058441e+02
-2.581656949867931417e+02
-2.581604813168673331e+02
-2.581553000628698555e+02
-2.581501513527472298e+02
-2.581450352371438157e+02
-2.581399518100320734e+02
-2.581349010095297558e+02
-2.581298830754256528e+02
-2.581248979992108730e+02
-2.581199457751945374e+02
-2.581150266365964399e+02
-2.581101405763643584e+02
-2.581052875845185781e+02
-2.581004678978815718e+02
-2.580956815979254202e+02
-2.580909286261949092e+02
-2.580862091675415400e+02
-2.580815231721101668e+02
-2.580768706259154328e+02
-2.580722518896216116e+02
-2.580676668644319989e+02
-2.580631155440743782e+02
-2.580585981464199108e+02
-2.580541146635759446e+02
-2.580496650900586246e+02
-2.580452489595400607e+02
-2.580408676699309467e+02
-2.580365206323641019e+02
-2.580322077680018538e+02
-2.580279292820242745e+02
-2.580236850825879742e+02
-2.580194751893862417e+02
-2.580153000168840549e+02
-2.580111594065008376e+02
-2.580070533528401597e+02
-2.580029820543862797e+02
-2.579989455041571205e+02
-2.579949436963414655e+02
-2.579909768262447756e+02
-2.579870449447359988e+02
-2.579831480263070489e+02
-2.579792862192370535e+02
-2.579754595185472681e+02
-2.579716679212716031e+02
-2.579679116081202324e+02
-2.579641905751836362e+02
-2.579605048796351525e+02
-2.579568545194354670e+02
-2.579532396691462282e+02
-2.579496603251373585e+02
-2.579461164860903750e+02
-2.579426083211956211e+02
-2.579391358275516950e+02
-2.579356990486522250e+02
-2.579322981355110187e+02
-2.579289330525512582e+02
-2.579256037995173756e+02
-2.579223105357316399e+02
-2.579190532365558965e+02
-2.579158319619758686e+02
-2.579126467634923756e+02
-2.579094977592977216e+02
-2.579063849461765585e+02
-2.579033083248168055e+02
-2.579002680437268396e+02
-2.578972641020199603e+02
-2.578942965010523949e+02
-2.578913653841986502e+02
-2.578884707625957731e+02
-2.578856126730298683e+02
-2.578827912054830449e+02
-2.578800063607106381e+02
-2.578772581848186860e+02
-2.578745466813214762e+02
-2.578718719805730188e+02
-2.578692340845439617e+02
-2.578666329977547207e+02
-2.578640688450184371e+02
-2.578615416289660516e+02
-2.578590513552598509e+02
-2.578565981429372869e+02
-2.578541819959563099e+02
-2.578518029563335290e+02
-2.578494610286434181e+02
-2.578471563288963466e+02
-2.578448888623496487e+02
-2.578426586625281516e+02
-2.578404656983644827e+02
-2.578383102102079647e+02
-2.578361920588095018e+02
-2.578341113678674219e+02
-2.578320681431387698e+02
-2.578300624226856712e+02
-2.578280942151814088e+02
-2.578261636167967481e+02
-2.578242706343401096e+02
-2.578224152775413813e+02
-2.578205976371330621e+02
-2.578188177211664538e+02
-2.578170755401233691e+02
-2.578153711793856360e+02
-2.578137046479480432e+02
-2.578120759393182198e+02
-2.578104851428464599e+02
-2.578089323053234807e+02
-2.578074174414961135e+02
-2.578059405653398812e+02
-2.578045017375808357e+02
-2.578031009690851079e+02
-2.578017382914082418e+02
-2.578004137178457995e+02
-2.577991273157700221e+02
-2.577978790968889484e+02
-2.577966690759973858e+02
-2.577954973141730193e+02
-2.577943638246945284e+02
-2.577932686233032769e+02
-2.577922117587945650e+02
-2.577911932544095066e+02
-2.577902131416624911e+02
-2.577892714321009180e+02
-2.577883681742391104e+02
-2.577875033838238892e+02
-2.577866770791113709e+02
-2.577858893032368997e+02
-2.577851400730286855e+02
-2.577844294138487271e+02
-2.577837573453797972e+02
-2.577831239036354987e+02
-2.577825291135878274e+02
-2.577819729883984792e+02
-2.577814555586645611e+02
-2.577809768418139242e+02
-2.577805368546884779e+02
-2.577801356389692273e+02
-2.577797732067047036e+02
-2.577794495788592712e+02
-2.577791647789132981e+02
-2.577789188249349195e+02
-2.577787117390002436e+02
-2.577785435416390669e+02
-2.577784142578565252e+02
-2.577783238985990693e+02
-2.577782724874843439e+02
-2.577782600506778863e+02
-2.577782865937905399e+02
-2.577783521416116059e+02
-2.577784567123349007e+02
-2.577786003348718964e+02
-2.577787830062947023e+02
-2.577790047526561921e+02
-2.577792656033973344e+02
-2.577795655517998625e+02
-2.577799046253900315e+02
-2.577802828400846238e+02
-2.577807002261228035e+02
-2.577811567701825197e+02
-2.577816525011778026e+02
-2.577821874513052194e+02
-2.577827615998519377e+02
-2.577833749734621165e+02
-2.577840275901101563e+02
-2.577847194843888587e+02
-2.577854506277501514e+02
-2.577862210566334511e+02
-2.577870308218652440e+02
-2.577878798507850888e+02
-2.577887681984508959e+02
-2.577896958763507200e+02
-2.577906629216216174e+02
-2.577916692944702390e+02
-2.577927150305017108e+02
-2.577938001678082856e+02
-2.577949246616486789e+02
-2.577960885488232634e+02
-2.577972918387894765e+02
-2.577985345712603475e+02
-2.577998166946912875e+02
-2.578011382475202140e+02
-2.578024992380327376e+02
-2.578038997076179726e+02
-2.578053396074229795e+02
-2.578068189681952731e+02
-2.578083378226553464e+02
-2.578098961173420207e+02
-2.578114938933686631e+02
-2.578131311570181765e+02
-2.578148079552435661e+02
-2.578165242125814984e+02
-2.578182799747473837e+02
-2.578200752891410161e+02
-2.578219100768092744e+02
-2.578237843839348784e+02
-2.578256982148585053e+02
-2.578276516184489537e+02
-2.578296445095851936e+02
-2.578316769359093996e+02
-2.578337489006797227e+02
-2.578358605057301816e+02
-2.578380115719318724e+02
-2.578402021699112652e+02
-2.578424323664063991e+02
-2.578447020645816110e+02
-2.578470113151556120e+02
-2.578493601195407336e+02
-2.578517485314404780e+02
-2.578541764473180251e+02
-2.578566439193091355e+02
-2.578591509485090114e+02
-2.578616975897115822e+02
-2.578642837335193008e+02
-2.578669094338439436e+02
-2.578695747483588434e+02
-2.578722795602807878e+02
-2.578750239261043475e+02
-2.578778078444639732e+02
-2.578806314065753895e+02
-2.578834944269449352e+02
-2.578863969930495159e+02
-2.578893391037860283e+02
-2.578923208215982754e+02
-2.578953420142815389e+02
-2.578984027431451409e+02
-2.579015030048984727e+02
-2.579046428602496235e+02
-2.579078221734085901e+02
-2.579110410084090290e+02
-2.579142994311731627e+02
-2.579175972974019260e+02
-2.579209346723843055e+02
-2.579243115509829067e+02
-2.579277280008679440e+02
-2.579311838717446790e+02
-2.579346792334790734e+02
-2.579382141807525386e+02
-2.579417885721937296e+02
-2.579454023580988178e+02
-2.579490556070472849e+02
-2.579527483123653724e+02
-2.579564805445289721e+02
-2.579602521423120152e+02
-2.579640631751471460e+02
-2.579679137196467309e+02
-2.579718036004989017e+02
-2.579757328931754614e+02
-2.579797015895139225e+02
-2.579837097693879855e+02
-2.579877572484436996e+02
-2.579918441054334721e+02
-2.579959703313631962e+02
-2.580001360049588470e+02
-2.580043409418503870e+02
-2.580085852741286203e+02
-2.580128688760557338e+02
-2.580171918902499897e+02
-2.580215541235046430e+02
-2.580259556566417700e+02
-2.580303964790786608e+02
-2.580348766743538818e+02
-2.580393960434944347e+02
-2.580439546690327575e+02
-2.580485523511745782e+02
-2.580531894674322189e+02
-2.580578658247181352e+02
-2.580625813924909266e+02
-2.580673362576890781e+02
-2.580721302105787345e+02
-2.580769633371194232e+02
-2.580818356246704752e+02
-2.580867471611095425e+02
-2.580916977326269830e+02
-2.580966874261587805e+02
-2.581017162268241236e+02
-2.581067842355090534e+02
-2.581118912150225810e+02
-2.581170372621083970e+02
-2.581222223627252674e+02
-2.581274466146571740e+02
-2.581327097801752757e+02
-2.581380119560871549e+02
-2.581433531276807116e+02
-2.581487333936491950e+02
-2.581541525124119971e+02
-2.581596105817337161e+02
-2.581651075862504285e+02
-2.581706260888372526e+02
-2.581761898979075340e+02
-2.581818214565307130e+02
-2.581874847615841873e+02
-2.581931765495886566e+02
-2.581989069764245528e+02
-2.582046760829690015e+02
-2.582104839961285734e+02
-2.582163308204671921e+02
-2.582222156824986996e+02
-2.582281393376431993e+02
-2.582341023842996606e+02
-2.582401040293556775e+02
-2.582461443777693262e+02
-2.582522234119039126e+02
-2.582583412400196039e+02
-2.582644975926917255e+02
-2.582706925773221087e+02
-2.582769261757113100e+02
-2.582831985083447535e+02
-2.582895092798634664e+02
-2.582958586097236662e+02
-2.583022464791818606e+02
-2.583086730054306486e+02
-2.583151379454956782e+02
-2.583216414809521098e+02
-2.583281833179938189e+02
-2.583347637377966066e+02
-2.583413824436944992e+02
-2.583480395543168697e+02
-2.583547350498865285e+02
-2.583614690517006238e+02
-2.583682412578787648e+02
-2.583750517884481042e+02
-2.583819006111691010e+02
-2.583887878226378234e+02
-2.583957131536849374e+02
-2.584026767266789761e+02
-2.584096785208739675e+02
-2.584167186615235323e+02
-2.584237968359711886e+02
-2.584309131686927117e+02
-2.584380676384880076e+02
-2.584452603716592307e+02
-2.584524911245271142e+02
-2.584597599044224694e+02
-2.584670667081645092e+02
-2.584744116945209385e+02
-2.584817945358571478e+02
-2.584892153628226765e+02
-2.584966741533613117e+02
-2.585041710513143016e+02
-2.585117057031624199e+02
-2.585192782518100785e+02
-2.585268886747988404e+02
-2.585345369495724412e+02
-2.585422232149021511e+02
-2.585499471248047030e+02
-2.585577088191357120e+02
-2.585655082740647117e+02
-2.585733456319836705e+02
-2.585812205394647094e+02
-2.585891331381765212e+02
-2.585970834048169991e+02
-2.586050715127614126e+02
-2.586130972790195415e+02
-2.586211604074108550e+02
-2.586292611096508836e+02
-2.586373994721084273e+02
-2.586455751667463687e+02
-2.586537883623936409e+02
-2.586620390350617527e+02
-2.586703273329179638e+02
-2.586786528878507738e+02
-2.586870158473571450e+02
-2.586954161871323663e+02
-2.587038540557142028e+02
-2.587123290832799967e+02
-2.587208414177421787e+02
-2.587293910344957339e+02
-2.587379780901908930e+02
-2.587466021977365358e+02
-2.587552635133239392e+02
-2.587639620123358100e+02
-2.587726978631572479e+02
-2.587814706876459923e+02
-2.587902806506748448e+02
-2.587991276320492489e+02
-2.588080118589711560e+02
-2.588169329309293971e+02
-2.588258910099462469e+02
-2.588348860706084338e+02
-2.588439180874411250e+02
-2.588529872270134433e+02
-2.588620930187843783e+02
-2.588712356384567670e+02
-2.588804151102593778e+02
-2.588896316022669453e+02
-2.588988847014362591e+02
-2.589081745752488928e+02
-2.589175011977676490e+02
-2.589268647389434932e+02
-2.589362647813222793e+02
-2.589457014942775572e+02
-2.589551748516649354e+02
-2.589646850258091035e+02
-2.589742315930838572e+02
-2.589838148563903246e+02
-2.589934347182739316e+02
-2.590030911005394501e+02
-2.590127837712379346e+02
-2.590225129020253121e+02
-2.590322784663842981e+02
-2.590420804377551462e+02
-2.590519189992560314e+02
-2.590617937053782498e+02
-2.590717047056044180e+02
-2.590816519006129397e+02
-2.590916355896937944e+02
-2.591016553024545033e+02
-2.591117112335111869e+02
-2.591218033559874812e+02
-2.591319318580280537e+02
-2.591420962829948280e+02
-2.591522968185403215e+02
-2.591625334376513479e+02
-2.591728063322828461e+02
-2.591831150378202437e+02
-2.591934597456930192e+02
-2.592038404791634321e+02
-2.592142572064462342e+02
-2.592247099782270539e+02
-2.592351984229341610e+02
-2.592457227334899699e+02
-2.592562828838233600e+02
-2.592668790688874765e+02
-2.592775107497424187e+02
-2.592881780901860793e+02
-2.592988811586189399e+02
-2.593096201530772760e+02
-2.593203945957050678e+02
-2.593312046840646303e+02
-2.593420503906963859e+02
-2.593529316881214299e+02
-2.593638487742829852e+02
-2.593748011711597314e+02
-2.593857890762803891e+02
-2.593968124620955678e+02
-2.594078715381507436e+02
-2.594189658031878594e+02
-2.594300954661804326e+02
-2.594412604995200695e+02
-2.594524611629407786e+02
-2.594636971975412507e+02
-2.594749681108672803e+02
-2.594862741596377305e+02
-2.594976154387110796e+02
-2.595089921633240806e+02
-2.595204038203235655e+02
-2.595318506245546928e+02
-2.595433325469227270e+02
-2.595548498087239295e+02
-2.595664018887995894e+02
-2.595779890052419887e+02
-2.595896111303205203e+02
-2.596012684846542129e+02
-2.596129605441913668e+02
-2.596246875291457172e+02
-2.596364494117722757e+02
-2.596482461643230408e+02
-2.596600780096414383e+02
-2.596719442918144978e+02
-2.596838452773599215e+02
-2.596957810199181154e+02
-2.597077517446427919e+02
-2.597197569183572909e+02
-2.597317968545555118e+02
-2.597438713954941250e+02
-2.597559807586950456e+02
-2.597681244602433139e+02
-2.597803027245923886e+02
-2.597925155240124013e+02
-2.598047628307782588e+02
-2.598170448806066020e+02
-2.598293611193979018e+02
-2.598417117824003526e+02
-2.598540968419160890e+02
-2.598665163344742268e+02
-2.598789698705760429e+02
-2.598914577187867962e+02
-2.599039798509480761e+02
-2.599165362393027863e+02
-2.599291271273385746e+02
-2.599417519454867147e+02
-2.599544109369297189e+02
-2.599671040740599892e+02
-2.599798316046379227e+02
-2.599925929507489286e+02
-2.600053883598006337e+02
-2.600182178610015740e+02
-2.600310816991116099e+02
-2.600439793694193327e+02
-2.600569104985278273e+02
-2.600698755509708349e+02
-2.600828744992711563e+02
-2.600959075945413019e+02
-2.601089742525379620e+02
-2.601220747240625428e+02
-2.601352089817089563e+02
-2.601483769980901002e+02
-2.601615790267010766e+02
-2.601748144788073773e+02
-2.601880836076034029e+02
-2.602013863857827118e+02
-2.602147230672243836e+02
-2.602280930437734128e+02
-2.602414963330479623e+02
-2.602549331584012862e+02
-2.602684034967010689e+02
-2.602819076075698490e+02
-2.602954448873838373e+02
-2.603090155968599788e+02
-2.603226197088956724e+02
-2.603362575103740255e+02
-2.603499284131808054e+02
-2.603636327051802937e+02
-2.603773701560571112e+02
-2.603911408743834386e+02
-2.604049451337357368e+02
-2.604187821250186516e+02
-2.604326521893265181e+02
-2.604465554113662051e+02
-2.604604920685509342e+02
-2.604744615259054967e+02
-2.604884640605658888e+02
-2.605024996457825068e+02
-2.605165682548360451e+02
-2.605306701666182221e+02
-2.605448047436165666e+02
-2.605589722644735957e+02
-2.605731727025929558e+02
-2.605874063387058186e+02
-2.606016723108392057e+02
-2.606159710267863829e+02
-2.606303028320423891e+02
-2.606446670350711088e+02
-2.606590641685611445e+02
-2.606734937214661159e+02
-2.606879559764615237e+02
-2.607024509065800544e+02
-2.607169784856012029e+02
-2.607315389982915690e+02
-2.607461317968839580e+02
-2.607607571659315795e+02
-2.607754149903204279e+02
-2.607901054004022399e+02
-2.608048279891597190e+02
-2.608195830421502137e+02
-2.608343705334472133e+02
-2.608491904371620649e+02
-2.608640430727488138e+02
-2.608789277245369362e+02
-2.608938447113194457e+02
-2.609087940073630421e+02
-2.609237755869743296e+02
-2.609387897568742005e+02
-2.609538357392969488e+02
-2.609689136639115645e+02
-2.609840237675539356e+02
-2.609991663581486137e+02
-2.610143407436859206e+02
-2.610295472318919678e+02
-2.610447892840057307e+02
-2.610600640017178193e+02
-2.610753672579500630e+02
-2.610907022190163502e+02
-2.611060692620078498e+02
-2.611214681097111452e+02
-2.611368986647310635e+02
-2.611523613084782482e+02
-2.611678554895485718e+02
-2.611833815195995498e+02
-2.611989393736230909e+02
-2.612145293646606774e+02
-2.612301507920259382e+02
-2.612458039686000006e+02
-2.612614888695501350e+02
-2.612772054700890294e+02
-2.612929540863810871e+02
-2.613087338986344434e+02
-2.613245450610551188e+02
-2.613403878221446348e+02
-2.613562621573405522e+02
-2.613721683795462241e+02
-2.613881057896148832e+02
-2.614040747003748493e+02
-2.614200750874481400e+02
-2.614361069265035553e+02
-2.614521705650672061e+02
-2.614682652359647932e+02
-2.614843911673912658e+02
-2.615005481660512032e+02
-2.615167373176047363e+02
-2.615329570692910011e+02
-2.615492079780447625e+02
-2.615654901436445243e+02
-2.615818035421871741e+02
-2.615981485121997139e+02
-2.616145243050592057e+02
-2.616309312588374496e+02
-2.616473693512789964e+02
-2.616638383154285066e+02
-2.616803385537730833e+02
-2.616968694911199123e+02
-2.617134314696850197e+02
-2.617300244660070234e+02
-2.617466484566737677e+02
-2.617633037853231031e+02
-2.617799896948624223e+02
-2.617967065288110575e+02
-2.618134542639580218e+02
-2.618302331963569713e+02
-2.618478700377525001e+02
-2.618647753127223723e+02
-2.618810102388295036e+02
-2.618976541916916290e+02
-2.619145867704170882e+02
-2.619315497165249553e+02
-2.619485433777142589e+02
-2.619655677847361517e+02
-2.619826230110940060e+02
-2.619997090463683094e+02
-2.620168249335871451e+02
-2.620339713684937806e+02
-2.620511483805090620e+02
-2.620683559471871718e+02
-2.620855944361330216e+02
-2.621028630455035113e+02
-2.621201621425462918e+02
-2.621374917050374620e+02
-2.621548517104050688e+02
-2.621722425442720805e+02
-2.621896629530132259e+02
-2.622071136805033120e+02
-2.622245947608327015e+02
-2.622421061720951343e+02
-2.622596482844371621e+02
-2.622772202921829603e+02
-2.622948225654623116e+02
-2.623124550825845631e+02
-2.623301178219120402e+02
-2.623478111198144234e+02
-2.623655337483018570e+02
-2.623832865321111285e+02
-2.624010694498223870e+02
-2.624188824800701241e+02
-2.624367259993609309e+02
-2.624545994309090133e+02
-2.624725030800454419e+02
-2.624904363428514102e+02
-2.625084000114393916e+02
-2.625263930281624312e+02
-2.625444157399587084e+02
-2.625624683930628294e+02
-2.625805509666019475e+02
-2.625986638402688982e+02
-2.626168061924420272e+02
-2.626349784027599412e+02
-2.626531804505706873e+02
-2.626714123152769957e+02
-2.626896743570031276e+02
-2.627079652713347855e+02
-2.627262859387894309e+02
-2.627446363389922226e+02
-2.627630164507247628e+02
-2.627814266590349348e+02
-2.627998661359517882e+02
-2.628183352646728963e+02
-2.628368340251018367e+02
-2.628553623971976094e+02
-2.628739203923343553e+02
-2.628925073884877293e+02
-2.629111239342173008e+02
-2.629297700097064876e+02
-2.629484455951952668e+02
-2.629671510975991851e+02
-2.629858857031454704e+02
-2.630046498707426395e+02
-2.630234432980649331e+02
-2.630422657673439062e+02
-2.630611178728715345e+02
-2.630799989205464158e+02
-2.630989093198418232e+02
-2.631178490515030717e+02
-2.631368180963313534e+02
-2.631558168649875711e+02
-2.631748444789196810e+02
-2.631939013487582883e+02
-2.632129870513940091e+02
-2.632321018053611397e+02
-2.632512461873163829e+02
-2.632704193162625188e+02
-2.632896216044784410e+02
-2.633088530332727828e+02
-2.633281135840099410e+02
-2.633474036698324312e+02
-2.633667224088912917e+02
-2.633860696929281744e+02
-2.634054459599596498e+02
-2.634248512515633820e+02
-2.634442859882427683e+02
-2.634637492823909497e+02
-2.634832415490891435e+02
-2.635027627702090172e+02
-2.635223129276789109e+02
-2.635418923076541660e+02
-2.635614996841480888e+02
-2.635811364763135316e+02
-2.636008017762763984e+02
-2.636204957340215742e+02
-2.636402185185652343e+02
-2.636599705808395697e+02
-2.636797509666159840e+02
-2.636995601263351432e+02
-2.637193976447483692e+02
-2.637392636844004414e+02
-2.637591589179465927e+02
-2.637790823791791581e+02
-2.637990345250294695e+02
-2.638190153382682865e+02
-2.638390248017225872e+02
-2.638590633569137935e+02
-2.638791299382847342e+02
-2.638992246208998722e+02
-2.639193478832443134e+02
-2.639394997084244778e+02
-2.639596805434802604e+02
-2.639798894439987862e+02
-2.640001268570045454e+02
-2.640203927658261023e+02
-2.640406871538478981e+02
-2.640610098999392790e+02
-2.640813605517739120e+02
-2.641017396309421770e+02
-2.641221471210511709e+02
-2.641425830051776984e+02
-2.641630477322716501e+02
-2.641835404096846105e+02
-2.642040616491637479e+02
-2.642246105089835737e+02
-2.642451874623458252e+02
-2.642657931772325810e+02
-2.642864267055177834e+02
-2.643070884973487296e+02
-2.643277785368834998e+02
-2.643484968083348008e+02
-2.643692432959700227e+02
-2.643900180771306623e+02
-2.644108202775313998e+02
-2.644316506448887480e+02
-2.644525091636892284e+02
-2.644733958184738754e+02
-2.644943110658996375e+02
-2.645152539466220105e+02
-2.645362249172777069e+02
-2.645572235911749885e+02
-2.645782500094089755e+02
-2.645993049935918862e+02
-2.646203874815954009e+02
-2.646414979815257880e+02
-2.646626364784128782e+02
-2.646838029573399922e+02
-2.647049978975041995e+02
-2.647262198595861378e+02
-2.647474694950507228e+02
-2.647687470510638263e+02
-2.647900525129776952e+02
-2.648113863640269869e+02
-2.648327478206991827e+02
-2.648541374883041044e+02
-2.648755544222929643e+02
-2.648969986213262473e+02
-2.649184704932524710e+02
-2.649399706627323781e+02
-2.649614981239228655e+02
-2.649830533609091390e+02
-2.650046363579284048e+02
-2.650262471009169758e+02
-2.650478860324394645e+02
-2.650695514988686909e+02
-2.650912446670270697e+02
-2.651129655230616322e+02
-2.651347140531717628e+02
-2.651564907428299307e+02
-2.651782945799320146e+02
-2.652001260500180706e+02
-2.652219848410567238e+02
-2.652438707955551536e+02
-2.652657843400516526e+02
-2.652877259634513507e+02
-2.653096946477475058e+02
-2.653316908818857769e+02
-2.653537146525840740e+02
-2.653757659466112955e+02
-2.653978446201526253e+02
-2.654199501661065597e+02
-2.654420831936350851e+02
-2.654642436897124185e+02
-2.654864316413634242e+02
-2.655086475726045592e+02
-2.655308904224123125e+02
-2.655531606531089324e+02
-2.655754575423135293e+02
-2.655977818078738437e+02
-2.656201334498824735e+02
-2.656425130084023181e+02
-2.656649193660115316e+02
-2.656873530623662987e+02
-2.657098140849954575e+02
-2.657323017102211793e+02
-2.657548170947964081e+02
-2.657773592366136768e+02
-2.657999286533748773e+02
-2.658225253332400371e+02
-2.658451492632271425e+02
-2.658678009661035162e+02
-2.658904789133794679e+02
-2.659131837274526902e+02
-2.659359157410776220e+02
-2.659586749423262404e+02
-2.659814613193192940e+02
-2.660042753942025229e+02
-2.660271160872498513e+02
-2.660499836910844351e+02
-2.660728778472458202e+02
-2.660957991181116427e+02
-2.661187480272454877e+02
-2.661417234928132984e+02
-2.661647260384605715e+02
-2.661877556527414868e+02
-2.662108122635179370e+02
-2.662338956979309046e+02
-2.662570056292905747e+02
-2.662801425816071514e+02
-2.663033069253349368e+02
-2.663264983884050707e+02
-2.663497163298513328e+02
-2.663729617850027012e+02
-2.663962328972161231e+02
-2.664195309020949480e+02
-2.664428558481359346e+02
-2.664662077244581724e+02
-2.664895870526712542e+02
-2.665129921408731661e+02
-2.665364215908196002e+02
-2.665598805050649958e+02
-2.665833661639188676e+02
-2.666068786857237001e+02
-2.666304186602969821e+02
-2.666539848773492167e+02
-2.666775779259265846e+02
-2.667011977956397573e+02
-2.667248437699582837e+02
-2.667485169674712324e+02
-2.667722163786755232e+02
-2.667959902161576906e+02
-2.668197934570476946e+02
-2.668435435727886329e+02
-2.668672816990160754e+02
-2.668911147179492787e+02
-2.669149737735839381e+02
-2.669388595442779888e+02
-2.669627720201426655e+02
-2.669867111913334838e+02
-2.670106776196277565e+02
-2.670346701521071964e+02
-2.670586885069654954e+02
-2.670827334792770671e+02
-2.671068050960112146e+02
-2.671309036781777309e+02
-2.671550295764110388e+02
-2.671791810632670376e+02
-2.672033590591162238e+02
-2.672275628566522414e+02
-2.672517932394846412e+02
-2.672760507703646908e+02
-2.673003342958402300e+02
-2.673246443787813291e+02
-2.673489808773974801e+02
-2.673733426454468258e+02
-2.673977312501939991e+02
-2.674221468918026403e+02
-2.674465885768060502e+02
-2.674710567613848298e+02
-2.674955514365477711e+02
-2.675200725933448211e+02
-2.675446202705952601e+02
-2.675691934458822629e+02
-2.675937930738315913e+02
-2.676184191456575832e+02
-2.676430716526151059e+02
-2.676677505859994994e+02
-2.676924568879563253e+02
-2.677171887727062654e+02
-2.677419468359195207e+02
-2.677667315294568198e+02
-2.677915396948957891e+02
-2.678163771652140213e+02
-2.678412416512842924e+02
-2.678661316063949016e+02
-2.678910472070289188e+02
-2.679159891437602141e+02
-2.679409574230407998e+02
-2.679734579146867759e+02
-2.679975011140917900e+02
-2.680160218613814322e+02
-2.680410947899019902e+02
-2.680661936361688618e+02
-2.680913187173649703e+02
-2.681164706577619086e+02
-2.681416481752456775e+02
-2.681668519346676476e+02
-2.681920818839059280e+02
-2.682173372878793884e+02
-2.682426189798610494e+02
-2.682679244662517704e+02
-2.682932585804046539e+02
-2.683186188974094648e+02
-2.683440052960706907e+02
-2.683694174047043361e+02
-2.683948559847269735e+02
-2.684203199191802014e+02
-2.684458101767322660e+02
-2.684713266054464498e+02
-2.684968690333950008e+02
-2.685224376275024838e+02
-2.685480321710824683e+02
-2.685736519632891941e+02
-2.685992979809061580e+02
-2.686249700474439805e+02
-2.686506680537276566e+02
-2.686763923207208222e+02
-2.687021426770064636e+02
-2.687279182368672537e+02
-2.687537197828165745e+02
-2.687795442550122971e+02
-2.688053980385557225e+02
-2.688312785553173967e+02
-2.688571839348085746e+02
-2.688831148349117370e+02
-2.689090717722311865e+02
-2.689350548906276686e+02
-2.689610633573217342e+02
-2.689870990663897601e+02
-2.690131598204860666e+02
-2.690392458555051007e+02
-2.690653578575775668e+02
-2.690914957978857274e+02
-2.691176596567955244e+02
-2.691438501151455966e+02
-2.691700658253203642e+02
-2.691963067459764716e+02
-2.692225733978242488e+02
-2.692488660623681085e+02
-2.692751847056856604e+02
-2.693015265453798861e+02
-2.693278970067192972e+02
-2.693542928555081630e+02
-2.693807140905889241e+02
-2.694071612280215504e+02
-2.694336349624040281e+02
-2.694601338912213464e+02
-2.694866587087258267e+02
-2.695132090892471410e+02
-2.695397846107458122e+02
-2.695663860069715270e+02
-2.695930139602369309e+02
-2.696196670027517257e+02
-2.696463457037145872e+02
-2.696730501732189964e+02
-2.696997795207093986e+02
-2.697265345231191418e+02
-2.697533162409391707e+02
-2.697801231407030969e+02
-2.698069557409100980e+02
-2.698338107211762349e+02
-2.698606939727841336e+02
-2.698876028472967619e+02
-2.699145389446012473e+02
-2.699415000580821697e+02
-2.699684863885315735e+02
-2.699954983417353560e+02
-2.700225352672616737e+02
-2.700495978304292635e+02
-2.700766868427052145e+02
-2.701038007480734109e+02
-2.701309405543482853e+02
-2.701581060632122444e+02
-2.701852963017698812e+02
-2.702125126259376771e+02
-2.702397540370471347e+02
-2.702670211427492859e+02
-2.702943139168733637e+02
-2.703216318082667726e+02
-2.703489752055086228e+02
-2.703763446554354459e+02
-2.704037354594740918e+02
-2.704311557013833180e+02
-2.704586016391099861e+02
-2.704860732613319101e+02
-2.705135696052273033e+02
-2.705410920839452160e+02
-2.705686395123325951e+02
-2.705962126136867596e+02
-2.706238113405564718e+02
-2.706514356679529101e+02
-2.706790846884969710e+02
-2.707067599444425241e+02
-2.707344600450016401e+02
-2.707621856669696285e+02
-2.707899368342835942e+02
-2.708177135908336481e+02
-2.708455148928973699e+02
-2.708733424025376735e+02
-2.709011947463268370e+02
-2.709290727552020712e+02
-2.709569765083183484e+02
-2.709849061352195463e+02
-2.710128557723312497e+02
-2.710408356926778310e+02
-2.710688403090340444e+02
-2.710968706005582476e+02
-2.711249263788902795e+02
-2.711530073500647404e+02
-2.711811130873391562e+02
-2.712092451429417679e+02
-2.712374017470374952e+02
-2.712655840287274032e+02
-2.712937918621987023e+02
-2.713220246915801113e+02
-2.713502823585708370e+02
-2.713785662141516468e+02
-2.714068747352587252e+02
-2.714352085946682678e+02
-2.714635680973767080e+02
-2.714919524431390982e+02
-2.715203617127821758e+02
-2.715487971793431825e+02
-2.715772575714275376e+02
-2.716057392719842483e+02
-2.716342504938297679e+02
-2.716627861825824084e+02
-2.716913471967680493e+02
-2.717199344283285996e+02
-2.717485462643314236e+02
-2.717771835337113657e+02
-2.718058457888885755e+02
-2.718345328321014449e+02
-2.718632450218804024e+02
-2.718919836008668085e+02
-2.719207468999333059e+02
-2.719495356558699086e+02
-2.719783494576513476e+02
-2.720071876798763242e+02
-2.720360512409894795e+02
-2.720649410089627622e+02
-2.720938556812316733e+02
-2.721227962792241897e+02
-2.721517606845717978e+02
-2.721807500342690105e+02
-2.722097648781161752e+02
-2.722388058871732142e+02
-2.722678670447187983e+02
-2.722969579057966598e+02
-2.723260730677855577e+02
-2.723552134795581310e+02
-2.723843791992000547e+02
-2.724135710576643987e+02
-2.724427874960652503e+02
-2.724720289814549119e+02
-2.725012948676794622e+02
-2.725305860794725277e+02
-2.725599026432030882e+02
-2.725892453789667229e+02
-2.726186124714928951e+02
-2.726480041332828819e+02
-2.726774206258824051e+02
-2.727068622161592089e+02
-2.727363292954309486e+02
-2.727658224708129069e+02
-2.727953398599581760e+02
-2.728248816009165694e+02
-2.728544487118253983e+02
-2.728840409820961668e+02
-2.729136541684592885e+02
-2.729432979715427905e+02
-2.729729655952461371e+02
-2.730026577165166941e+02
-2.730323752596189593e+02
-2.730621180892930511e+02
-2.730918861816535923e+02
-2.731216802199466542e+02
-2.731514976022878614e+02
-2.731813402136528453e+02
-2.732112080956437694e+02
-2.732411010988413409e+02
-2.732710194692065784e+02
-2.733009633184867653e+02
-2.733309311562649668e+02
-2.733609239937452458e+02
-2.733909417736603018e+02
-2.734209845984227627e+02
-2.734510529389511362e+02
-2.734811450501559875e+02
-2.735112634081756369e+02
-2.735414062326876774e+02
-2.735715743277597198e+02
-2.736017676917812764e+02
-2.736319808032664014e+02
-2.736622232138242907e+02
-2.736924916425670631e+02
-2.737227844600741378e+02
-2.737531025072681246e+02
-2.737834456602826094e+02
-2.738138127225660128e+02
-2.738442049770098947e+02
-2.738746233244677342e+02
-2.739050660371293588e+02
-2.739355339122794248e+02
-2.739660260644990331e+02
-2.739965429351312878e+02
-2.740270849994309970e+02
-2.740576530539188980e+02
-2.740882453172089299e+02
-2.741188623490953660e+02
-2.741495035690909390e+02
-2.741801699842433209e+02
-2.742108615621137915e+02
-2.742415791507050358e+02
-2.742723209195839900e+02
-2.743030869025716356e+02
-2.743338728876420305e+02
-2.743646887469170110e+02
-2.743955298846331630e+02
-2.744263961986688969e+02
-2.744572876607308558e+02
-2.744882029123442635e+02
-2.745191432416931434e+02
-2.745501086781363824e+02
-2.745810991156704404e+02
-2.746121146437105836e+02
-2.746431560307093491e+02
-2.746742207311625634e+02
-2.747053104249706621e+02
-2.747364252808656602e+02
-2.747675652452770692e+02
-2.747987290207030924e+02
-2.748299183649390329e+02
-2.748611320799860209e+02
-2.748923709256267216e+02
-2.749236348605277840e+02
-2.749549229041034550e+02
-2.749862356312058296e+02
-2.750175735604310603e+02
-2.750489375201564712e+02
-2.750803204310220167e+02
-2.751117330165192243e+02
-2.751431698460729649e+02
-2.751746316789549951e+02
-2.752061187322832438e+02
-2.752376314272389095e+02
-2.752691684905160514e+02
-2.753007293308892827e+02
-2.753323152830647018e+02
-2.753639263152048215e+02
-2.753955623675824995e+02
