-3.363880307963339078e+01
-3.361005029613868089e+01
-3.358115916151461278e+01
-3.355213292483395549e+01
-3.352297077782622381e+01
-3.349367226264149622e+01
-3.346424157412231182e+01
-3.343467361097233237e+01
-3.340497533486477977e+01
-3.337514063280840304e+01
-3.334517411221687411e+01
-3.331507448571242946e+01
-3.328484127084354327e+01
-3.325447753285760655e+01
-3.322398001281007396e+01
-3.319335448363528940e+01
-3.316259720232135777e+01
-3.313171118878261012e+01
-3.310069201931271721e+01
-3.306953945033549047e+01
-3.303826085181347594e+01
-3.300685471547551231e+01
-3.297531971997824485e+01
-3.294365608627722253e+01
-3.291186626372400070e+01
-3.287994719394919230e+01
-3.284790347409667532e+01
-3.281573068356159695e+01
-3.278343503235943501e+01
-3.275101033411839779e+01
-3.271846478700228289e+01
-3.268579040714463702e+01
-3.265299577160922695e+01
-3.262007358836649473e+01
-3.258703111484803827e+01
-3.255386195698957152e+01
-3.252057386137838080e+01
-3.248716121035626969e+01
-3.245362966109928493e+01
-3.241997434551067414e+01
-3.238620046107550365e+01
-3.235230460826964105e+01
-3.231829064613275193e+01
-3.228415521321112891e+01
-3.224990299131336258e+01
-3.221553029686440084e+01
-3.218104228571274206e+01
-3.214643405878504723e+01
-3.211171133589702009e+01
-3.207686979000344252e+01
-3.204191469121001035e+01
-3.200684082792282226e+01
-3.197165448876068439e+01
-3.193635075068437601e+01
-3.190093730173000353e+01
-3.186540586835058875e+01
-3.182976523906600619e+01
-3.179400885648913544e+01
-3.175814304015396061e+01
-3.172216335353015282e+01
-3.168607412389690481e+01
-3.164987248606905723e+01
-3.161356255468369270e+01
-3.157714206356198616e+01
-3.154061239712781983e+01
-3.150397526363393297e+01
-3.146722827176552073e+01
-3.143037619718897346e+01
-3.139341388465899385e+01
-3.135634783808747272e+01
-3.131917264051640259e+01
-3.128189604981114158e+01
-3.124451201942538603e+01
-3.120702525018048235e+01
-3.116943340359735615e+01
-3.113173896374173566e+01
-3.109394193157357833e+01
-3.105604147039062468e+01
-3.101804145788728917e+01
-3.097993664698635286e+01
-3.094173569268335910e+01
-3.090343144705518696e+01
-3.086503025385058052e+01
-3.082652863674067589e+01
-3.078792888085560620e+01
-3.074923215361854645e+01
-3.071043552944142618e+01
-3.067154642567779277e+01
-3.063255740309394071e+01
-3.059347439041452432e+01
-3.055429601492718561e+01
-3.051502362846529692e+01
-3.047565818100609647e+01
-3.043619658783682524e+01
-3.039664686035617791e+01
-3.035700131233118526e+01
-3.031726659842372129e+01
-3.027743981595275358e+01
-3.023752190648369265e+01
-3.019751577306775658e+01
-3.015741774507403861e+01
-3.011723484486656943e+01
-3.007696149738172053e+01
-3.003660112348949340e+01
-2.999615482978229863e+01
-2.995561969626354326e+01
-2.991500240132673127e+01
-2.987429792786665672e+01
-2.983350858736452338e+01
-2.979263535247176975e+01
-2.975167770083906760e+01
-2.971064322258252588e+01
-2.966952548510330701e+01
-2.962832217090177522e+01
-2.958703966778779559e+01
-2.954567021139623861e+01
-2.950422908430878621e+01
-2.946270635662410697e+01
-2.942110478133509943e+01
-2.937942746029971630e+01
-2.933766958365108835e+01
-2.929583861328877603e+01
-2.925393003992223839e+01
-2.921194491811023042e+01
-2.916988778158497553e+01
-2.912775425584498379e+01
-2.908554767625483706e+01
-2.904326934304634733e+01
-2.900091544668031673e+01
-2.895849395391786274e+01
-2.891599778874202897e+01
-2.887343074798508624e+01
-2.883079786746810669e+01
-2.878809261026165345e+01
-2.874532033799841813e+01
-2.870248034309360818e+01
-2.865957101487320813e+01
-2.861659744766556202e+01
-2.857355722179010726e+01
-2.853044890564565250e+01
-2.848728033144300298e+01
-2.844404409654885768e+01
-2.840074476939139103e+01
-2.835738451365845947e+01
-2.831396013358444463e+01
-2.827047461838965603e+01
-2.822692963826606061e+01
-2.818332136727004311e+01
-2.813965631800675737e+01
-2.809593136138410685e+01
-2.805214626222133845e+01
-2.800830625825614817e+01
-2.796440782347893261e+01
-2.792044940082967486e+01
-2.787644082001584067e+01
-2.783237549100624264e+01
-2.778825354965694672e+01
-2.774408205817675110e+01
-2.769985460817657241e+01
-2.765557428631569437e+01
-2.761124467374435199e+01
-2.756686233574176370e+01
-2.752242832291353380e+01
-2.747794785101902448e+01
-2.743341550529239825e+01
-2.738883410068224578e+01
-2.734420769377575056e+01
-2.729953267358716928e+01
-2.725481026113016725e+01
-2.721004524294301419e+01
-2.716523248031449711e+01
-2.712037541898197190e+01
-2.707547675614737770e+01
-2.703053367119279571e+01
-2.698554678972924847e+01
-2.694052195630234792e+01
-2.689545356869646753e+01
-2.685034412037201079e+01
-2.680519629169625517e+01
-2.676001017018505834e+01
-2.671478333014055195e+01
-2.666952371527601073e+01
-2.662422491136352320e+01
-2.657888876448773985e+01
-2.653351977843375664e+01
-2.648811590447787623e+01
-2.644267559252834943e+01
-2.639720475409419009e+01
-2.635170161671954858e+01
-2.630616421252182491e+01
-2.626059707654923869e+01
-2.621499994670047329e+01
-2.616937258284875867e+01
-2.612371504431624558e+01
-2.607803284397205701e+01
-2.603232076740479783e+01
-2.598658081773367812e+01
-2.594081779129123788e+01
-2.589502883718013848e+01
-2.584921294463213570e+01
-2.580337566122552673e+01
-2.575751515837316319e+01
-2.571163125630720003e+01
-2.566572474386393310e+01
-2.561979879588517051e+01
-2.557385229967777818e+01
-2.552788541029783786e+01
-2.548190251290869668e+01
-2.543590138288785241e+01
-2.538988082564723570e+01
-2.534384546447088482e+01
-2.529779580171686604e+01
-2.525172896898050112e+01
-2.520564712346375202e+01
-2.515955505568904371e+01
-2.511344944251704447e+01
-2.506732973212754345e+01
-2.502120066225796791e+01
-2.497506103910999542e+01
-2.492891169991691669e+01
-2.488275134814519163e+01
-2.483658728560429552e+01
-2.479041385339595394e+01
-2.474423304874275331e+01
-2.469804713290628229e+01
-2.465185715217039331e+01
-2.460566214826444664e+01
-2.455946154668542647e+01
-2.451326159350766076e+01
-2.446705865865051166e+01
-2.442085382238861513e+01
-2.437464716366676853e+01
-2.432844261454727786e+01
-2.428223920809202241e+01
-2.423603703506116602e+01
-2.418983842564178488e+01
-2.414364406754047110e+01
-2.409745329407116898e+01
-2.405126555503982644e+01
-2.400508643846476531e+01
-2.395891337996640047e+01
-2.391274708536018423e+01
-2.386658696665945456e+01
-2.382043961623901041e+01
-2.377430043424422479e+01
-2.372817116286738681e+01
-2.368205227657645295e+01
-2.363594724413579584e+01
-2.358985518444832508e+01
-2.354376743357600432e+01
-2.349770466711146355e+01
-2.345166053464091860e+01
-2.340562767456969695e+01
-2.335960944177554666e+01
-2.331360948503535013e+01
-2.326763002473311204e+01
-2.322166776960045809e+01
-2.317572491487164044e+01
-2.312980217607308830e+01
-2.308390362617626579e+01
-2.303802544176836165e+01
-2.299216979630065438e+01
-2.294633582206911981e+01
-2.290053004955786520e+01
-2.285474915988103461e+01
-2.280899257050633722e+01
-2.276326320272093895e+01
-2.271756332567787595e+01
-2.267189144413384128e+01
-2.262624767176665230e+01
-2.258063223850312795e+01
-2.253505132192055882e+01
-2.248950014389878405e+01
-2.244398088172156136e+01
-2.239849292235469136e+01
-2.235304196698245605e+01
-2.230762521246087005e+01
-2.226224207284645473e+01
-2.221689389702676110e+01
-2.217158404781973502e+01
-2.212631327818953864e+01
-2.208107919522930018e+01
-2.203588393448610105e+01
-2.199072869123511609e+01
-2.194561533909239515e+01
-2.190054308819940942e+01
-2.185551129741372378e+01
-2.181052214413086787e+01
-2.176557853994778569e+01
-2.172067943963882897e+01
-2.167582451098672180e+01
-2.163101381313974869e+01
-2.158625127499017893e+01
-2.154153652125576457e+01
-2.149686843662501801e+01
-2.145224778607529004e+01
-2.140767741869670360e+01
-2.136316003621143267e+01
-2.131869219730993947e+01
-2.127427798858564145e+01
-2.122991362428566120e+01
-2.118560250177922555e+01
-2.114134628603547128e+01
-2.109714264850459742e+01
-2.105299487972094852e+01
-2.100890155348321997e+01
-2.096486745231801763e+01
-2.092089079382696681e+01
-2.087697069435263941e+01
-2.083310923641202805e+01
-2.078930587388754958e+01
-2.074556583978065305e+01
-2.070188491475759562e+01
-2.065826575390162390e+01
-2.061470801737936753e+01
-2.057121256060434789e+01
-2.052778315207098814e+01
-2.048441650119136881e+01
-2.044111325983448779e+01
-2.039787559432053499e+01
-2.035470471518215518e+01
-2.031160275309290242e+01
-2.026856692410402871e+01
-2.022559926006018927e+01
-2.018269973907027293e+01
-2.013986972667814968e+01
-2.009711168729761965e+01
-2.005442305722845830e+01
-2.001180583734985063e+01
-1.996925817443184314e+01
-1.992678472337867390e+01
-1.988438673893568520e+01
-1.984206136193397541e+01
-1.979981055651401434e+01
-1.975763428421466017e+01
-1.971553331203577741e+01
-1.967351101369077426e+01
-1.963156441496882820e+01
-1.958969548087641144e+01
-1.954790414603571946e+01
-1.950619052566176137e+01
-1.946455915567799977e+01
-1.942300650796550698e+01
-1.938153450980602344e+01
-1.934014308758715117e+01
-1.929883217208188384e+01
-1.925760581305427976e+01
-1.921646220322589116e+01
-1.917540054724013032e+01
-1.913442357879685218e+01
-1.909352998705364968e+01
-1.905272259959224712e+01
-1.901200217556350580e+01
-1.897136677515705827e+01
-1.893081830393910536e+01
-1.889035663788092734e+01
-1.884998167154562410e+01
-1.880969747216853705e+01
-1.876950148991174672e+01
-1.872939511310785932e+01
-1.868937822057646514e+01
-1.864945069758087115e+01
-1.860961489736453700e+01
-1.856987154224976422e+01
-1.853022038441539721e+01
-1.849066129462861241e+01
-1.845119415309706667e+01
-1.841181895641866006e+01
-1.837254015027760445e+01
-1.833335625893639076e+01
-1.829426756579178814e+01
-1.825527326614857770e+01
-1.821637515148884390e+01
-1.817757305219094732e+01
-1.813886828259536799e+01
-1.810026201301575455e+01
-1.806175316147902166e+01
-1.802334156671647492e+01
-1.798502895227177234e+01
-1.794681452365839647e+01
-1.790870143411756388e+01
-1.787068887941536133e+01
-1.783277584997551912e+01
-1.779496402648373277e+01
-1.775725322983550214e+01
-1.771964329157390949e+01
-1.768213693961662969e+01
-1.764473281118690196e+01
-1.760743261930320713e+01
-1.757023557617241138e+01
-1.753314147278224766e+01
-1.749615197783654708e+01
-1.745926742142786381e+01
-1.742248858768508057e+01
-1.738581554363580750e+01
-1.734924747104790299e+01
-1.731278596803700864e+01
-1.727643082399359997e+01
-1.724018182914213071e+01
-1.720404227225986205e+01
-1.716801049017569625e+01
-1.713208598027756935e+01
-1.709627029781957930e+01
-1.706056002979580200e+01
-1.702496191880587517e+01
-1.698947369490203485e+01
-1.695409589665243288e+01
-1.691882809356799555e+01
-1.688367011563085640e+01
-1.684862344339907025e+01
-1.681368842599839653e+01
-1.677886479996734437e+01
-1.674415333913506743e+01
-1.670955529123005334e+01
-1.667506903032998622e+01
-1.664069603725366875e+01
-1.660643605223293306e+01
-1.657228882360196920e+01
-1.653825580340020451e+01
-1.650433785324971936e+01
-1.647053416637563927e+01
-1.643684557845550742e+01
-1.640327182382635129e+01
-1.636981264813363168e+01
-1.633646944443079363e+01
-1.630324194844382646e+01
-1.627013078182050521e+01
-1.623713715689133252e+01
-1.620425924025007447e+01
-1.617149849589261379e+01
-1.613885530005900648e+01
-1.610632889737217965e+01
-1.607392065234981615e+01
-1.604163065395452392e+01
-1.600945936897864286e+01
-1.597740698733462672e+01
-1.594547321261006800e+01
-1.591365775696288232e+01
-1.588196193511666365e+01
-1.585038544963157392e+01
-1.581892800956126166e+01
-1.578759194057858473e+01
-1.575637628530644818e+01
-1.572528035848595884e+01
-1.569430541715635741e+01
-1.566345064264781151e+01
-1.563271729830911916e+01
-1.560210506756330417e+01
-1.557161363048828129e+01
-1.554124554648579881e+01
-1.551099923420343885e+01
-1.548087374561437457e+01
-1.545087051315240956e+01
-1.542099058799507283e+01
-1.539123265793679352e+01
-1.536159792943403524e+01
-1.533208607658523803e+01
-1.530269795172176650e+01
-1.527343362013730754e+01
-1.524429268311512153e+01
-1.521527482185652502e+01
-1.518638119127454544e+01
-1.515761146361034939e+01
-1.512896532212556266e+01
-1.510044389031576983e+01
-1.507204758093130081e+01
-1.504377572732293800e+01
-1.501562903366177792e+01
-1.498760666516543871e+01
-1.495970976420097465e+01
-1.493193797375674947e+01
-1.490429095722113928e+01
-1.487676981035169455e+01
-1.484937421624934650e+01
-1.482210477212528943e+01
-1.479496120407109672e+01
-1.476794395559098305e+01
-1.474105225918557416e+01
-1.471428716039778095e+01
-1.468764831221938927e+01
-1.466113537551799695e+01
-1.463474937204410686e+01
-1.460849003745512675e+01
-1.458235783673520025e+01
-1.455635286327298950e+01
-1.453047477150928835e+01
-1.450472321827751720e+01
-1.447909918494532278e+01
-1.445360232025619673e+01
-1.442823225866491299e+01
-1.440299000247944505e+01
-1.437787517831648820e+01
-1.435288810728753894e+01
-1.432802926649934072e+01
-1.430329808398406222e+01
-1.427869420612770135e+01
-1.425429146986437701e+01
-1.423001994965826356e+01
-1.420580160833065442e+01
-1.418171160927963825e+01
-1.415774959136514255e+01
-1.413391520213544084e+01
-1.411019478476031708e+01
-1.408647284636597341e+01
-1.406302236884421752e+01
-1.403970203848458098e+01
-1.401651079906721620e+01
-1.399344550413563582e+01
-1.397050908099561362e+01
-1.394770117297675505e+01
-1.392502140733322236e+01
-1.390247005167608840e+01
-1.388004849250285844e+01
-1.385775533751208322e+01
-1.383559125608475426e+01
-1.381355588112079680e+01
-1.379164885285244679e+01
-1.376987096643072661e+01
-1.374822185736178071e+01
-1.372670116809218221e+01
-1.370530967378678433e+01
-1.368404700985003863e+01
-1.366291322177612244e+01
-1.364190849385923343e+01
-1.362103279682844814e+01
-1.360028617929197559e+01
-1.357966806915340641e+01
-1.355917918987272053e+01
-1.353881918159164677e+01
-1.351858769632258728e+01
-1.349848542964522125e+01
-1.347851202793812853e+01
-1.345866712150257882e+01
-1.343895142881589244e+01
-1.341936494462246010e+01
-1.339990710682963382e+01
-1.338057842534039388e+01
-1.336137837212647028e+01
-1.334230656273528659e+01
-1.332336420701586377e+01
-1.330455058252023370e+01
-1.328586533561946403e+01
-1.326730910726393908e+01
-1.324888153757051157e+01
-1.323058227635825546e+01
-1.321240922983581001e+01
-1.319436765728683625e+01
-1.317645491105853495e+01
-1.315867034795704882e+01
-1.314101456008902602e+01
-1.312348685195358833e+01
-1.310608697507167086e+01
-1.308881636023555295e+01
-1.307167404574588332e+01
-1.305465968016967260e+01
-1.303777383651558175e+01
-1.302101615769240794e+01
-1.300438628959915199e+01
-1.298788479712954214e+01
-1.297151155539361511e+01
-1.295526613368610214e+01
-1.293914890608067481e+01
-1.292315952499650500e+01
-1.290729765036433641e+01
-1.289156378965341077e+01
-1.287595759996087175e+01
-1.286047902051147496e+01
-1.284512771610838122e+01
-1.282990417223021495e+01
-1.281480804834673393e+01
-1.279983901288903603e+01
-1.278499753241745651e+01
-1.277028327014822295e+01
-1.275569607886755286e+01
-1.274123635384257902e+01
-1.272690362618379289e+01
-1.271269756955346963e+01
-1.269861861817866000e+01
-1.268466634682368799e+01
-1.267084071300792480e+01
-1.265714160086070095e+01
-1.264356928856959783e+01
-1.263012343625424982e+01
-1.261680372199686317e+01
-1.260361054764568856e+01
-1.259054358644406157e+01
-1.257760251991736666e+01
-1.256478773352523781e+01
-1.255209895166613521e+01
-1.253953600628258513e+01
-1.252709906370549220e+01
-1.251478780603554064e+01
-1.250260214301946959e+01
-1.249054176795493198e+01
-1.247860702234991592e+01
-1.246679759503780183e+01
-1.245511318460970251e+01
-1.244355411453400251e+01
-1.243212007752082648e+01
-1.242081077879939066e+01
-1.240962652152107459e+01
-1.239856700588313920e+01
-1.238763213283546705e+01
-1.237682159903139123e+01
-1.236613571329768213e+01
-1.235557417795584811e+01
-1.234513682039557736e+01
-1.233482330111096026e+01
-1.232463436920991207e+01
-1.231456908686947038e+01
-1.230462780755541274e+01
-1.229481023989498389e+01
-1.228511627746713586e+01
-1.227554564055034270e+01
-1.226609856998622838e+01
-1.225677478051593994e+01
-1.224757399843484684e+01
-1.223849644751299515e+01
-1.222954184941533384e+01
-1.222070993478716439e+01
-1.221200091145296263e+01
-1.220341450635514313e+01
-1.219495040917563244e+01
-1.218660873390607868e+01
-1.217838951420741367e+01
-1.217029250817446417e+01
-1.216231746460939966e+01
-1.215446449848038668e+01
-1.214673334548333550e+01
-1.213912388926886621e+01
-1.213163587166759783e+01
-1.212426946077467349e+01
-1.211702439443449286e+01
-1.210990042540393397e+01
-1.210289769605833143e+01
-1.209601595547416508e+01
-1.208925496126070875e+01
-1.208261480126236620e+01
-1.207609528032048729e+01
-1.206969629996241800e+01
-1.206341759362608812e+01
-1.205725926778063517e+01
-1.205122108525585034e+01
-1.204530281819308080e+01
-1.203950455750215021e+01
-1.203382607219819000e+01
-1.202826723895503491e+01
-1.202282783808030331e+01
-1.201750794006646927e+01
-1.201230737559876083e+01
-1.200722587546611209e+01
-1.200226349358001876e+01
-1.199741999586131413e+01
-1.199269519366019843e+01
-1.198808905991960927e+01
-1.198360154044440762e+01
-1.197923241979887443e+01
-1.197498149483771712e+01
-1.197084879474011920e+01
-1.196683411347520121e+01
-1.196293732391964859e+01
-1.195915823174920867e+01
-1.195549684574932314e+01
-1.195195296879892055e+01
-1.194852641299293694e+01
-1.194521717243744874e+01
-1.194202505649440837e+01
-1.193894993665727355e+01
-1.193599161872332282e+01
-1.193315010176389457e+01
-1.193042520125520589e+01
-1.192781673735661130e+01
-1.192532467062063439e+01
-1.192294882552588930e+01
-1.192068907249899112e+01
-1.191854524777321522e+01
-1.191651729190408915e+01
-1.191460503862365883e+01
-1.191280832841149362e+01
-1.191112709330582753e+01
-1.190956117589107421e+01
-1.190811043818523807e+01
-1.190677472813696092e+01
-1.190555396088353568e+01
-1.190444798054121200e+01
-1.190345664048922991e+01
-1.190257985167870380e+01
-1.190181745884059339e+01
-1.190116933109228192e+01
-1.190063533298376264e+01
-1.190021534493802235e+01
-1.189990922911450255e+01
-1.189971685669300250e+01
-1.189963809432166641e+01
-1.189967281086803830e+01
-1.189982087516095355e+01
-1.190008216713543021e+01
-1.190045653548454219e+01
-1.190094385789399567e+01
-1.190154400309548777e+01
-1.190225685971448044e+01
-1.190308226923479396e+01
-1.190402010872476879e+01
-1.190507026183734851e+01
-1.190623255691397553e+01
-1.190750688691796100e+01
-1.190889312054439486e+01
-1.191039116239308449e+01
-1.191200081160511992e+01
-1.191372197062625204e+01
-1.191555455051560664e+01
-1.191749833748861853e+01
-1.191955324049150278e+01
-1.192171912832748504e+01
-1.192399592079687842e+01
-1.192638338695921085e+01
-1.192888144452063059e+01
-1.193148996240207715e+01
-1.193420895309707319e+01
-1.193703802688346016e+01
-1.193997714359475815e+01
-1.194302626264453693e+01
-1.194618512315759240e+01
-1.194945365824008832e+01
-1.195283173710246949e+01
-1.195631930355349759e+01
-1.195991607986892014e+01
-1.196362200719247859e+01
-1.196743695621373327e+01
-1.197136087841030161e+01
-1.197539348024031902e+01
-1.197953471175959095e+01
-1.198378453283268108e+01
-1.198814263479105691e+01
-1.199260897554769478e+01
-1.199718342492991852e+01
-1.200186601009722764e+01
-1.200665629145567159e+01
-1.201155428892359289e+01
-1.201655987496952172e+01
-1.202167302816272709e+01
-1.202689340394110573e+01
-1.203222097898379950e+01
-1.203765562366391606e+01
-1.204319731774466895e+01
-1.204884570657969611e+01
-1.205460077698952759e+01
-1.206046252290378717e+01
-1.206643057011672049e+01
-1.207250491169148354e+01
-1.207868541806259621e+01
-1.208497209146435303e+01
-1.209136454244505465e+01
-1.209786277826138523e+01
-1.210446687940681088e+01
-1.211117641799189037e+01
-1.211799121085408970e+01
-1.212491126703386435e+01
-1.213193645806946641e+01
-1.213906680136002691e+01
-1.214630187888764468e+01
-1.215364170634715535e+01
-1.216108631527030148e+01
-1.216863526031359655e+01
-1.217628857108165974e+01
-1.218404611966406215e+01
-1.219190794834710445e+01
-1.219987359120986881e+01
-1.220794308862640243e+01
-1.221611631298326905e+01
-1.222439330920840028e+01
-1.223277360733417751e+01
-1.224125736912973039e+01
-1.224984421478498398e+01
-1.225853433204172482e+01
-1.226732723017058468e+01
-1.227622296298891058e+01
-1.228522140350069414e+01
-1.229432261493631984e+01
-1.230352609199762171e+01
-1.231283189621811403e+01
-1.232223946622499433e+01
-1.233174957119806692e+01
-1.234136166630804254e+01
-1.235107558382382997e+01
-1.236089140099066519e+01
-1.237080858599028943e+01
-1.238082721440999912e+01
-1.239094716007116226e+01
-1.240116850614920452e+01
-1.241149070977036573e+01
-1.242191385252285940e+01
-1.243243780507602381e+01
-1.244306268096633872e+01
-1.245378788812437776e+01
-1.246461353127911309e+01
-1.247553948482113917e+01
-1.248656585940974928e+01
-1.249769205902256530e+01
-1.250891819259858728e+01
-1.252024413480022957e+01
-1.253167000192252267e+01
-1.254319518737808004e+01
-1.255481980583388335e+01
-1.256654373221464738e+01
-1.257832712254134222e+01
-1.259022412060784113e+01
-1.260228589792063936e+01
-1.261443027225065805e+01
-1.262664963491806880e+01
-1.263896711343204160e+01
-1.265138269785897229e+01
-1.266389659180669547e+01
-1.267650893418537450e+01
-1.268921766466369405e+01
-1.270202441474760491e+01
-1.271493046104668423e+01
-1.272793392693852077e+01
-1.274103495486240334e+01
-1.275423342063989374e+01
-1.276752947654343195e+01
-1.278092244734796701e+01
-1.279441248378192064e+01
-1.280799946187640614e+01
-1.282168356317510494e+01
-1.283546405496636922e+01
-1.284934111681912938e+01
-1.286331462496353240e+01
-1.287738475683317318e+01
-1.289155089837554158e+01
-1.290581337684566243e+01
-1.292017143226731690e+01
-1.293462562455441578e+01
-1.294917521437464103e+01
-1.296382038537425885e+01
-1.297856101414616248e+01
-1.299339729261994592e+01
-1.300832846842383717e+01
-1.302335473089621942e+01
-1.303847592891889029e+01
-1.305369219920947010e+01
-1.306900286465222827e+01
-1.308440812237325090e+01
-1.309990784926418961e+01
-1.311550225105528789e+01
-1.313119054864856317e+01
-1.314697294629481128e+01
-1.316284932102728433e+01
-1.317881988325411591e+01
-1.319488401415048884e+01
-1.321104164651547919e+01
-1.322729270056045436e+01
-1.324363746434862676e+01
-1.326007512268788702e+01
-1.327660589823621784e+01
-1.329322966827640506e+01
-1.330994668729375086e+01
-1.332675608026578296e+01
-1.334365809975089334e+01
-1.336065262314078694e+01
-1.337773952785258125e+01
-1.339491905942271366e+01
-1.341219035845948504e+01
-1.342955367329927974e+01
-1.344700887936104827e+01
-1.346455623244079547e+01
-1.348219485506223947e+01
-1.349992500156562691e+01
-1.351774654954836485e+01
-1.353565982934537892e+01
-1.355366436324549362e+01
-1.357175937862670523e+01
-1.358994530607147411e+01
-1.360822227307049026e+01
-1.362658946036669860e+01
-1.364504718951693363e+01
-1.366359533824570072e+01
-1.368223418088726895e+01
-1.370096280340349360e+01
-1.371978147875117671e+01
-1.373869008471086062e+01
-1.375768889799644157e+01
-1.377677699986801585e+01
-1.379595466575674934e+01
-1.381522177348994695e+01
-1.383457862020881279e+01
-1.385402424608134098e+01
-1.387355894733133610e+01
-1.389318260246554892e+01
-1.391289553760941011e+01
-1.393269681345882383e+01
-1.395258674801455356e+01
-1.397256499517902739e+01
-1.399263202099964154e+01
-1.401278683275826076e+01
-1.403302974302784811e+01
-1.405336062972440381e+01
-1.407377937076764418e+01
-1.409428629086270490e+01
-1.411488023128487690e+01
-1.413556153836620410e+01
-1.415633020781620210e+01
-1.417718656900715146e+01
-1.419812959825204146e+01
-1.421915962362675145e+01
-1.424027652305478142e+01
-1.426148063137563504e+01
-1.428277091394253162e+01
-1.430414770432314242e+01
-1.432561088043726372e+01
-1.434716078370670367e+01
-1.436879636436476027e+01
-1.439051827209983259e+01
-1.441232621699369432e+01
-1.443421994997193281e+01
-1.445619887332618525e+01
-1.447826332778268643e+01
-1.450041319123224426e+01
-1.452264834155978512e+01
-1.454496914790922624e+01
-1.456737450711968052e+01
-1.458986470897017007e+01
-1.461243945993305005e+01
-1.463509940471329074e+01
-1.465784337982354657e+01
-1.468067178287650165e+01
-1.470358449169123105e+01
-1.472658188882163621e+01
-1.474966284369079617e+01
-1.477282773771292668e+01
-1.479607644866876193e+01
-1.481940936886531368e+01
-1.484282534819307564e+01
-1.486632477772584870e+01
-1.488990765416784079e+01
-1.491357384433232625e+01
-1.493732340777382994e+01
-1.496115541345962896e+01
-1.498507025668373771e+01
-1.500906781796099487e+01
-1.503314849787155971e+01
-1.505731096993752516e+01
-1.508155556121988106e+01
-1.510588237537134404e+01
-1.513029182072121159e+01
-1.515478271449254244e+01
-1.517935546387392520e+01
-1.520400994641767234e+01
-1.522874603966002205e+01
-1.525356415198016791e+01
-1.527846310012562370e+01
-1.530344329147159144e+01
-1.532850460348824129e+01
-1.535364747309448852e+01
-1.537887066017043836e+01
-1.540417460022753460e+01
-1.542955917066637461e+01
-1.545502492819259110e+01
-1.548057120146052057e+01
-1.550619677340973723e+01
-1.553190219202138778e+01
-1.555768762351900492e+01
-1.558355351892223872e+01
-1.560949860896163877e+01
-1.563552334367275698e+01
-1.566162759700789842e+01
-1.568781183463157269e+01
-1.571407476766638922e+01
-1.574041685415088132e+01
-1.576683797123066633e+01
-1.579333858298535809e+01
-1.581991739359214044e+01
-1.584657486609834720e+01
-1.587331087756585468e+01
-1.590012530503536503e+01
-1.592701861786811612e+01
-1.595398920944603383e+01
-1.598103765195467929e+01
-1.600816401400541977e+01
-1.603536877040945541e+01
-1.606265060325294769e+01
-1.609001019515149977e+01
-1.611744711700578847e+01
-1.614496182532553092e+01
-1.617255311852550292e+01
-1.620022146930606510e+01
-1.622796675443971282e+01
-1.625578885067636392e+01
-1.628368825823591592e+01
-1.631166360801106308e+01
-1.633971539900296577e+01
-1.636784350786997777e+01
-1.639604796865041081e+01
-1.642432779478377469e+01
-1.645268356555907019e+01
-1.648111515637900126e+01
-1.650962244354259667e+01
-1.653820594554837342e+01
-1.656686425569975185e+01
-1.659559789167040122e+01
-1.662440672990923218e+01
-1.665329129898168148e+01
-1.668225017190678017e+01
-1.671128387630194467e+01
-1.674039242174124098e+01
-1.676957632349095206e+01
-1.679883434375910412e+01
-1.682816553590852138e+01
-1.685757093657390371e+01
-1.688705042199535100e+01
-1.691660452769787071e+01
-1.694623181205825801e+01
-1.697593280975175389e+01
-1.700570739692783562e+01
-1.703555544971337454e+01
-1.706547750871391145e+01
-1.709547212178333098e+01
-1.712553982870216274e+01
-1.715568050550790957e+01
-1.718589469298187566e+01
-1.721618089409441055e+01
-1.724653909638947979e+01
-1.727696976265006157e+01
-1.730747277832484698e+01
-1.733804869777845425e+01
-1.736869603322397282e+01
-1.739941534145773971e+01
-1.743020649832554270e+01
-1.746107012521886048e+01
-1.749200476317480479e+01
-1.752301103561253726e+01
-1.755408834297298171e+01
-1.758523687794239265e+01
-1.761645722755589816e+01
-1.764774742167769972e+01
-1.767910820515613679e+01
-1.771053971437306274e+01
-1.774204254499434086e+01
-1.777361513335448961e+01
-1.780525807434774421e+01
-1.783697124357250985e+01
-1.786875451660906933e+01
-1.790060849160906642e+01
-1.793253159960200804e+01
-1.796452443803996957e+01
-1.799658688243707516e+01
-1.802871953448900300e+01
-1.806092030242434276e+01
-1.809319008423200259e+01
-1.812552962220318875e+01
-1.815793724194253755e+01
-1.819041413152996967e+01
-1.822295901770358029e+01
-1.825557250559557687e+01
-1.828825446904310681e+01
-1.832100478353046569e+01
-1.835382405816092088e+01
-1.838671070171503175e+01
-1.841966532269513834e+01
-1.845268758947170795e+01
-1.848577775120927669e+01
-1.851893477759310258e+01
-1.855215927846089130e+01
-1.858545112922929832e+01
-1.861881020530730524e+01
-1.865223720011319131e+01
-1.868573035473893285e+01
-1.871929036088926779e+01
-1.875291709395034445e+01
-1.878661042930349012e+01
-1.882037102690969022e+01
-1.885419699009444372e+01
-1.888808856817281168e+01
-1.892204624535040480e+01
-1.895607068330410883e+01
-1.899016018531440508e+01
-1.902431541251586467e+01
-1.905854431907444280e+01
-1.909284011960044936e+01
-1.912719320170803528e+01
-1.916161080971657782e+01
-1.919609376406907231e+01
-1.923064135657028473e+01
-1.926525329555206412e+01
-1.929993041053615244e+01
-1.933467133234144342e+01
-1.936947672871647086e+01
-1.940434647489810160e+01
-1.943928124072578711e+01
-1.947427931268174106e+01
-1.950934136017897558e+01
-1.954446725847697053e+01
-1.957965688284327754e+01
-1.961491090921955305e+01
-1.965022734993121034e+01
-1.968560650729045847e+01
-1.972104888717351301e+01
-1.975655436490012207e+01
-1.979212360646225122e+01
-1.982775490609059688e+01
-1.986344892958316066e+01
-1.989920555230996158e+01
-1.993502464965636278e+01
-1.997090697263056924e+01
-2.000685064693202264e+01
-2.004285614872788912e+01
-2.007892296432618195e+01
-2.011505354162208548e+01
-2.015124420140522687e+01
-2.018749617469356750e+01
-2.022380962174619157e+01
-2.026018441811969595e+01
-2.029662128882893413e+01
-2.033311841029962608e+01
-2.036967650650727180e+01
-2.040629545644033627e+01
-2.044297457716759325e+01
-2.047971473982414281e+01
-2.051651452007493148e+01
-2.055337465029999677e+01
-2.059029500629305787e+01
-2.062727546387753819e+01
-2.066431675699890391e+01
-2.070141704566225371e+01
-2.073857706356900366e+01
-2.077579668667098289e+01
-2.081307653857195561e+01
-2.085230921779067614e+01
-2.088985512506192066e+01
-2.092585566323356261e+01
-2.096278122411619904e+01
-2.100035571226569076e+01
-2.103798806935492038e+01
-2.107567903594049952e+01
-2.111342861057794096e+01
-2.115123688927916845e+01
-2.118910379162048230e+01
-2.122702702919062290e+01
-2.126500813508046761e+01
-2.130304710433468429e+01
-2.134114381352906520e+01
-2.137929904885822197e+01
-2.141751086874277021e+01
-2.145578005859820792e+01
-2.149410649519934324e+01
-2.153249005446206610e+01
-2.157093156600490147e+01
-2.160942805377920095e+01
-2.164798116370230119e+01
-2.168659090048351246e+01
-2.172525714123285923e+01
-2.176398067426234206e+01
-2.180275955452201941e+01
-2.184159457042005670e+01
-2.188048559930481574e+01
-2.191943251858626240e+01
-2.195843603904035035e+01
-2.199749325765552399e+01
-2.203660599472138060e+01
-2.207577412791467708e+01
-2.211499753497942322e+01
-2.215427701578218489e+01
-2.219361114814075009e+01
-2.223300057028424348e+01
-2.227244383956748308e+01
-2.231194269656515061e+01
-2.235149463191710950e+01
-2.239110037777440354e+01
-2.243076041756269134e+01
-2.247047462968500042e+01
-2.251024381794224638e+01
-2.255006601034271085e+01
-2.258994201075021735e+01
-2.262987169788506137e+01
-2.266985495054890265e+01
-2.270989252638143086e+01
-2.274998136692612150e+01
-2.279012340542103132e+01
-2.283031852101528258e+01
-2.287056659091587107e+01
-2.291086842756068620e+01
-2.295122205029701945e+01
-2.299162826760567668e+01
-2.303208695908210046e+01
-2.307259800441423181e+01
-2.311316138314827029e+01
-2.315377556208774834e+01
-2.319444173011579480e+01
-2.323515976731108879e+01
-2.327592955385122053e+01
-2.331675195220560681e+01
-2.335762501084397158e+01
-2.339854970913661347e+01
-2.343952529255368944e+01
-2.348055119714554451e+01
-2.352162870487763868e+01
-2.356275613587755657e+01
-2.360393435693380937e+01
-2.364516324916304058e+01
-2.368644269378998146e+01
-2.372777355791684073e+01
-2.376915375143637377e+01
-2.381058414168579063e+01
-2.385206370606498183e+01
-2.389359285840471259e+01
-2.393517283540830221e+01
-2.397680154521561846e+01
-2.401847985692554488e+01
-2.406020765279973261e+01
-2.410198481521826253e+01
-2.414381221273606215e+01
-2.418568775577880103e+01
-2.422761115016909628e+01
-2.426958329776849865e+01
-2.431160421531895821e+01
-2.435367478624027981e+01
-2.439579291121247095e+01
-2.443795946191994162e+01
-2.448017432187495857e+01
-2.452243737471918905e+01
-2.456474920113689109e+01
-2.460710695743373222e+01
-2.464951374451281296e+01
-2.469196746757590333e+01
-2.473446838445582330e+01
-2.477701679472650298e+01
-2.481961365260617214e+01
-2.486225670465734439e+01
-2.490494690430815794e+01
-2.494768325465686587e+01
-2.499046604077586409e+01
-2.503329670772587434e+01
-2.507617297763935937e+01
-2.511909581744154352e+01
-2.516206511286588920e+01
-2.520508074979259305e+01
-2.524814365433993757e+01
-2.529125134198380564e+01
-2.533440392974211264e+01
-2.537760239983379762e+01
-2.542084663889443874e+01
-2.546413758412176520e+01
-2.550747302151255624e+01
-2.555085388869118646e+01
-2.559428007290695106e+01
-2.563775146156579154e+01
-2.568126773748237213e+01
-2.572482777731130099e+01
-2.576843268063676362e+01
-2.581208233550785280e+01
-2.585577662884771399e+01
-2.589951649749975005e+01
-2.594329985145314055e+01
-2.598712798568635662e+01
-2.603099875514654471e+01
-2.607491312505047887e+01
-2.611887251148513300e+01
-2.616287470736174114e+01
-2.620692065056594444e+01
-2.625101023080507545e+01
-2.629514333795636105e+01
-2.633931986206722442e+01
-2.638353992109644253e+01
-2.642780147734788088e+01
-2.647210611772421274e+01
-2.651645373297573016e+01
-2.656084421402735174e+01
-2.660527850874765932e+01
-2.664975439473265340e+01
-2.669427282035069737e+01
-2.673883286630026035e+01
-2.678343454818281444e+01
-2.682807962147692749e+01
-2.687276561927397367e+01
-2.691749361278380803e+01
-2.696226349455713844e+01
-2.700707515732851149e+01
-2.705192959872058012e+01
-2.709682355227009865e+01
-2.714175839210196628e+01
-2.718673458181059033e+01
-2.723175201506969145e+01
-2.727681169669552119e+01
-2.732191179068113129e+01
-2.736705356688053570e+01
-2.741223490039972788e+01
-2.745745571569262466e+01
-2.750271682448503086e+01
-2.754801953556346916e+01
-2.759336153730355790e+01
-2.763874383406514568e+01
-2.768416631788015536e+01
-2.772962888454437902e+01
-2.777513244571870743e+01
-2.782067329503815856e+01
-2.786625391196801971e+01
-2.791187419310529805e+01
-2.795753403524586744e+01
-2.800323444032733278e+01
-2.804897309523781601e+01
-2.809475100273485637e+01
-2.814056741705758213e+01
-2.818642192662160895e+01
-2.823231537842852035e+01
-2.827824877964823003e+01
-2.832421981043528447e+01
-2.837022947873208167e+01
-2.841627768337204429e+01
-2.846236432339496503e+01
-2.850848904188093513e+01
-2.855465062871625292e+01
-2.860085034559254780e+01
-2.864708809238992160e+01
-2.869336376919815379e+01
-2.873967846231030876e+01
-2.878602975497772931e+01
-2.883241860188914885e+01
-2.887884338470287204e+01
-2.892530557020640103e+01
-2.897180508710719948e+01
-2.901834305689585491e+01
-2.906491694220392930e+01
-2.911152786430889350e+01
-2.915817572543173242e+01
-2.920485890971653120e+01
-2.925157984734469707e+01
-2.929833626691458548e+01
-2.934512923385938876e+01
-2.939195865230274762e+01
-2.943882442404743216e+01
-2.948572762352231180e+01
-2.953266486228180199e+01
-2.957963742872011181e+01
-2.962664596120164973e+01
-2.967369036435566443e+01
-2.972077054303160537e+01
-2.976788756692657145e+01
-2.981503901153088165e+01
-2.986222546039674697e+01
-2.990944608453360587e+01
-2.995670200824665841e+01
-3.000399430181514759e+01
-3.005132054292005250e+01
-3.009868180282102657e+01
-3.014607798837139896e+01
-3.019350887818854190e+01
-3.024097406779118913e+01
-3.028847273991877032e+01
-3.033600596390702009e+01
-3.038357445347372732e+01
-3.043117756517917627e+01
-3.047881387862214808e+01
-3.052648553910034579e+01
-3.057418850640142693e+01
-3.062192534827821078e+01
-3.066969609935939189e+01
-3.071750066921919853e+01
-3.076534011464437413e+01
-3.081321075548319754e+01
-3.086110961650061668e+01
-3.090904735628917166e+01
-3.095701819017871870e+01
-3.100502230010830473e+01
-3.105306090071987413e+01
-3.110113129812269506e+01
-3.114923470602901645e+01
-3.119737103637221054e+01
-3.124553872268567645e+01
-3.129374007832737803e+01
-3.134197285170599301e+01
-3.139033782363710401e+01
-3.143874069422106032e+01
-3.148700899009095622e+01
-3.153522876978095368e+01
-3.158362318203529995e+01
-3.163204825675479270e+01
-3.168050537957676482e+01
-3.172899446500028731e+01
-3.177751542775408922e+01
-3.182606940671050566e+01
-3.187465386859936700e+01
-3.192326819836521778e+01
-3.197191398738514678e+01
-3.202059122771385091e+01
-3.206930052220729976e+01
-3.211804256697876525e+01
-3.216681364541868504e+01
-3.221561563910585591e+01
-3.226444701838730822e+01
-3.231330934623218099e+01
-3.236220375725218901e+01
-3.241112773433970062e+01
-3.246008241327601951e+01
-3.250906743801417065e+01
-3.255808037650833597e+01
-3.260712440873351881e+01
-3.265619875518704163e+01
-3.270530356236147895e+01
-3.275443857932634728e+01
-3.280360372560168969e+01
-3.285279892093804932e+01
-3.290202421409442479e+01
-3.295127737672546431e+01
-3.300056034599457178e+01
-3.304987304258489900e+01
-3.309921538740930913e+01
-3.314858730161140699e+01
-3.319798965023544923e+01
-3.324742168587815883e+01
-3.329688286079966275e+01
-3.334637331705445717e+01
-3.339588233868657596e+01
-3.344543119026629796e+01
-3.349501046202907872e+01
-3.354461675660611775e+01
-3.359425051340367929e+01
-3.364391305586287473e+01
-3.369360432737026656e+01
-3.375866314658384937e+01
-3.380640717219601044e+01
-3.384285308637866763e+01
-3.389265716333960654e+01
-3.394248899140161768e+01
-3.399234896053628319e+01
-3.404223844312021896e+01
-3.409215456990619941e+01
-3.414209876055699766e+01
-3.419207075378940885e+01
-3.424206887373763664e+01
-3.429209493655005048e+01
-3.434213902523486439e+01
-3.439222045643740699e+01
-3.444232949009514044e+01
-3.449246579520533373e+01
-3.454262853926982757e+01
-3.459281932028581963e+01
-3.464303576546222985e+01
-3.469327967550227498e+01
-3.474355075201926724e+01
-3.479384869054896967e+01
-3.484417355605798861e+01
-3.489452503860273680e+01
-3.494490188027601363e+01
-3.499530562029256942e+01
-3.504573598607433382e+01
-3.509619285508915709e+01
-3.514667646691351166e+01
-3.519718656498938714e+01
-3.524772124409543039e+01
-3.529828225455751323e+01
-3.534885811542496015e+01
-3.539947176376705329e+01
-3.545011300215013961e+01
-3.550077799338193785e+01
-3.555146787890024740e+01
-3.560218374853851486e+01
-3.565292584939422227e+01
-3.570368690604158246e+01
-3.575448171305175293e+01
-3.580530054619104163e+01
-3.585614326639877447e+01
-3.590701160645914314e+01
-3.595790536750349276e+01
-3.600882448681814196e+01
-3.605977028603673062e+01
-3.611073996562901556e+01
-3.616173337305027502e+01
-3.621275147053081156e+01
-3.626379475084586090e+01
-3.631486311478957418e+01
-3.636594601204053134e+01
-3.641706421726666321e+01
-3.646820622379465249e+01
-3.651937196832036392e+01
-3.657056238441139584e+01
-3.662177894500433695e+01
-3.667301866115282394e+01
-3.672428290818655228e+01
-3.677557096088662547e+01
-3.682688196885474952e+01
-3.687821727189589893e+01
-3.692957834368642978e+01
-3.698096220874126772e+01
-3.703236981739643596e+01
-3.708380145262728433e+01
-3.713525523625484936e+01
-3.718673275730274241e+01
-3.723823586878178560e+01
-3.728976138273565510e+01
-3.734131066805370125e+01
-3.739287159484521084e+01
-3.744446620894715494e+01
-3.749608427972585645e+01
-3.754772863731228227e+01
-3.759939491754649055e+01
-3.765108352841142647e+01
-3.770279538648583895e+01
-3.775452884141110133e+01
-3.780628530592659331e+01
-3.785806636680732140e+01
-3.790986896948115970e+01
-3.796169482036817300e+01
-3.801354372969881013e+01
-3.806541359214680398e+01
-3.811730736232824768e+01
-3.816922259996739797e+01
-3.822116053705398997e+01
-3.827312116858234958e+01
-3.832509840114745714e+01
-3.837710270945857616e+01
-3.842913058842801632e+01
-3.848116682441707326e+01
-3.853323821382370085e+01
-3.858533201993660100e+01
-3.863744819920380280e+01
-3.868958483181027930e+01
-3.874174461160176008e+01
-3.879392512181084385e+01
-3.884612784439240585e+01
-3.889835258874079216e+01
-3.895059925701420411e+01
-3.900286602454097817e+01
-3.905515592851777029e+01
-3.910746619581849615e+01
-3.915979806855465739e+01
-3.921215154661682334e+01
-3.926452677890107879e+01
-3.931692162230579157e+01
-3.936933926814926110e+01
-3.942177687927203777e+01
-3.947423603287880667e+01
-3.952671688873767408e+01
-3.957921964199918108e+01
-3.963172760352308899e+01
-3.968427142970299570e+01
-3.973683471355120389e+01
-3.978941936819027347e+01
-3.984202495927139154e+01
-3.989465104272316154e+01
-3.994729651206538534e+01
-3.999996452828442273e+01
-4.005265161427239207e+01
-4.010535969813589219e+01
-4.015808862004890756e+01
-4.021083745475733195e+01
-4.026360559682860440e+01
-4.031639570124838912e+01
-4.036920485772090927e+01
-4.042203446445383719e+01
-4.047488470460147170e+01
-4.052775413209019462e+01
-4.058064281335104084e+01
-4.063355341238192864e+01
-4.068648299845273897e+01
-4.073941942325214427e+01
-4.079238919672553010e+01
-4.084537736752340464e+01
-4.089838535295606903e+01
-4.095141484954729094e+01
-4.100446268443561593e+01
-4.105753045902687859e+01
-4.111061312738148388e+01
-4.116371861829281187e+01
-4.121684370934166708e+01
-4.126999000979568422e+01
-4.132315468554368465e+01
-4.137633912133188829e+01
-4.142954259393668082e+01
-4.148276370114552236e+01
-4.153600426955470226e+01
-4.158926600453520450e+01
-4.164254621162846348e+01
-4.169584681156983663e+01
-4.174916374649850326e+01
-4.180249910434707061e+01
-4.185585383413003058e+01
-4.190922931502311855e+01
-4.196260850204340187e+01
-4.201602055405079028e+01
-4.206944976374480660e+01
-4.212289777682730119e+01
-4.217636468936245819e+01
-4.222985208296701387e+01
-4.228335681315637373e+01
-4.233687987140549325e+01
-4.239041994828410509e+01
-4.244397879497975623e+01
-4.249755638299040328e+01
-4.255115429856847697e+01
-4.260476901211963252e+01
-4.265840101947225094e+01
-4.271205063250716449e+01
-4.276571852447828093e+01
-4.281940515985586870e+01
-4.287311175546905417e+01
-4.292683476181056790e+01
-4.298057416379734264e+01
-4.303433191592637996e+01
-4.308810783253739629e+01
-4.314188802079330998e+01
-4.319570197103244169e+01
-4.324953130874636287e+01
-4.330337755720483273e+01
-4.335724190981119364e+01
-4.341112423633472162e+01
-4.346502457413477316e+01
-4.351894433562024744e+01
-4.357287821065557409e+01
-4.362682986659568485e+01
-4.368079934989693669e+01
-4.373478645220045280e+01
-4.378879137988550241e+01
-4.384281456389896903e+01
-4.389685302982938708e+01
-4.395090868343903878e+01
-4.400498158851343788e+01
-4.405906805877394561e+01
-4.411317607587120193e+01
-4.416729920721979852e+01
-4.422144124716481883e+01
-4.427559921771871387e+01
-4.432977451189773177e+01
-4.438396723051010184e+01
-4.443816141949926646e+01
-4.449238613311137414e+01
-4.454662958261437211e+01
-4.460088859052905974e+01
-4.465516476774701715e+01
-4.470945787975210806e+01
-4.476376567810864060e+01
-4.481809048655507866e+01
-4.487243396563984277e+01
-4.492679270621250964e+01
-4.498116835243498457e+01
-4.503555919256743323e+01
-4.508996602348505434e+01
-4.514438976930981795e+01
-4.519883177996567269e+01
-4.525328874970911386e+01
-4.530776167212372485e+01
-4.536224949467305834e+01
-4.541675397726147168e+01
-4.547127500312067383e+01
-4.552581411455563654e+01
-4.558036783499935041e+01
-4.563493627142651832e+01
-4.568950601100047493e+01
-4.574410663623062590e+01
-4.579872376045432247e+01
-4.585335727116604687e+01
-4.590800728222992433e+01
-4.596267087370354432e+01
-4.601735059786922477e+01
-4.607204645312200597e+01
-4.612675839450746196e+01
-4.618148618656587701e+01
-4.623623147080422058e+01
-4.629098962624329516e+01
-4.634576340151384954e+01
-4.640055316637405980e+01
-4.645535896574455847e+01
-4.651017832300395582e+01
-4.656501469262221349e+01
-4.661986538913243550e+01
-4.667473196131949464e+01
-4.672961427340208473e+01
-4.678451061675366418e+01
-4.683942175569405464e+01
-4.689434878840040000e+01
-4.694929312432504531e+01
-4.700423606558834422e+01
-4.705920889604564650e+01
-4.711419561662466293e+01
-4.716919511551917310e+01
-4.722421296040864291e+01
-4.727924759678305833e+01
-4.733429597974627256e+01
-4.738935744675308825e+01
-4.744443431409225553e+01
-4.749952653896007604e+01
-4.755463389982155320e+01
