-1.825562253765605192e+01
-1.824296041287675152e+01
-1.823023837805852665e+01
-1.821745777771527131e+01
-1.820461819030628803e+01
-1.819171934510539757e+01
-1.817876299498846038e+01
-1.816574686176229037e+01
-1.815267388141579019e+01
-1.813954135052629013e+01
-1.812635118717603433e+01
-1.811310276103898431e+01
-1.809979580218117334e+01
-1.808643156203815749e+01
-1.807300856140771472e+01
-1.805952922237259628e+01
-1.804599186511741848e+01
-1.803239772140499753e+01
-1.801874480349649588e+01
-1.800503294442692237e+01
-1.799126525804985732e+01
-1.797744101782110704e+01
-1.796355959130529811e+01
-1.794962099979544234e+01
-1.793562622925811567e+01
-1.792157389568789938e+01
-1.790746591519970821e+01
-1.789330030037273289e+01
-1.787907968023439764e+01
-1.786480130277494638e+01
-1.785046864528044708e+01
-1.783607819101639791e+01
-1.782163357785660551e+01
-1.780713158852734423e+01
-1.779257529553964190e+01
-1.777796185582653621e+01
-1.776329456999938472e+01
-1.774857093152470711e+01
-1.773379332225158933e+01
-1.771895957518281861e+01
-1.770407187429755425e+01
-1.768912867452538507e+01
-1.767413159573397152e+01
-1.765907910972493866e+01
-1.764397317933713438e+01
-1.762881215226722276e+01
-1.761359819356732004e+01
-1.759832912329374111e+01
-1.758300735829056194e+01
-1.756763095127731233e+01
-1.755220214145001734e+01
-1.753671859691729651e+01
-1.752118298490186987e+01
-1.750559311549590191e+01
-1.748995226108562306e+01
-1.747425677442739911e+01
-1.745851041411396309e+01
-1.744271026229665722e+01
-1.742685902228175010e+01
-1.741095469312376665e+01
-1.739499911292518775e+01
-1.737899097037837137e+01
-1.736293199503941409e+01
-1.734682115481912490e+01
-1.733065899067237936e+01
-1.731444618540921709e+01
-1.729818165262202712e+01
-1.728186740789002585e+01
-1.726550115935166474e+01
-1.724908568431618150e+01
-1.723261855736669901e+01
-1.721610312418562216e+01
-1.719953667804182018e+01
-1.718292123134627758e+01
-1.716625570280486102e+01
-1.714954111830948236e+01
-1.713277743866755642e+01
-1.711596423227929975e+01
-1.709910315600998842e+01
-1.708219184883972375e+01
-1.706523405972666296e+01
-1.704822660163091186e+01
-1.703117219326768961e+01
-1.701406927500685740e+01
-1.699691878238702003e+01
-1.697972119002419689e+01
-1.696247515746055612e+01
-1.694518387871808685e+01
-1.692784405520338353e+01
-1.691045822209165550e+01
-1.689302574145559532e+01
-1.687554714107417553e+01
-1.685802280280231713e+01
-1.684045131393642336e+01
-1.682283613583540216e+01
-1.680517385642512096e+01
-1.678746733472416608e+01
-1.676971525985052480e+01
-1.675191798001471355e+01
-1.673407673736377532e+01
-1.671618985908746424e+01
-1.669826037731534640e+01
-1.668028580360986268e+01
-1.666226757756214738e+01
-1.664420615258984526e+01
-1.662610017489930314e+01
-1.660795255400764958e+01
-1.658976101103518985e+01
-1.657152653045829638e+01
-1.655324948214187941e+01
-1.653492957606313496e+01
-1.651657012949841175e+01
-1.649816823418497336e+01
-1.647972283111653269e+01
-1.646123667334206786e+01
-1.644270629341348311e+01
-1.642413837937140642e+01
-1.640552850568785459e+01
-1.638687782866128018e+01
-1.636818766002113534e+01
-1.634945583481020748e+01
-1.633068558710582963e+01
-1.631187488433691612e+01
-1.629302412146919110e+01
-1.627413527334055487e+01
-1.625520632766503226e+01
-1.623623872792288125e+01
-1.621723297845402811e+01
-1.619818735164658108e+01
-1.617910531154111098e+01
-1.615998367860891349e+01
-1.614082407405051711e+01
-1.612162867187197435e+01
-1.610239452848642117e+01
-1.608312395273357609e+01
-1.606381659299806586e+01
-1.604447165504896233e+01
-1.602509136969035808e+01
-1.600567458233811635e+01
-1.598622061609825806e+01
-1.596673288442093863e+01
-1.594720804802741121e+01
-1.592764806521850574e+01
-1.590805386260610277e+01
-1.588842393437088596e+01
-1.586875957496317291e+01
-1.584906145079255069e+01
-1.582932781181249382e+01
-1.580956148741280387e+01
-1.578976103851623591e+01
-1.576992627697113036e+01
-1.575005950604969485e+01
-1.573015907495608090e+01
-1.571022421214139619e+01
-1.569025928029917161e+01
-1.567026124265618314e+01
-1.565023011650376894e+01
-1.563016898564486823e+01
-1.561007493198220430e+01
-1.558994925396142683e+01
-1.556979351756235097e+01
-1.554960609289540940e+01
-1.552938740787768701e+01
-1.550913972074439862e+01
-1.548886055182975063e+01
-1.546855107877092728e+01
-1.544821308361113488e+01
-1.542784485164402319e+01
-1.540744688689156483e+01
-1.538702125825141387e+01
-1.536656560291965867e+01
-1.534608138415846490e+01
-1.532556977426958866e+01
-1.530502940825698133e+01
-1.528446052188006199e+01
-1.526386566508771914e+01
-1.524324225884119421e+01
-1.522259133751725280e+01
-1.520191406691529501e+01
-1.518121039438238462e+01
-1.516047917312089233e+01
-1.513972390977730598e+01
-1.511894164946707342e+01
-1.509813313460433548e+01
-1.507730036111144223e+01
-1.505644230449481391e+01
-1.503555821219540789e+01
-1.501465067480826932e+01
-1.499371882754531526e+01
-1.497276171451699511e+01
-1.495178130302535635e+01
-1.493077742546780762e+01
-1.490974987661780737e+01
-1.488869863375594349e+01
-1.486762611453798755e+01
-1.484652989182016114e+01
-1.482541078243927757e+01
-1.480427092722802840e+01
-1.478310892777716923e+01
-1.476192427242500038e+01
-1.474071939988622049e+01
-1.471949342563839025e+01
-1.469824616980365839e+01
-1.467697794369166964e+01
-1.465569010461127597e+01
-1.463438209372649546e+01
-1.461305388451746623e+01
-1.459170744018073407e+01
-1.457034164344625538e+01
-1.454895589550813639e+01
-1.452755222364463705e+01
-1.450613079892986512e+01
-1.448469024117804516e+01
-1.446323144424038531e+01
-1.444175656707188260e+01
-1.442026398235561047e+01
-1.439875338652048775e+01
-1.437722686793079419e+01
-1.435568382842315316e+01
-1.433412455819413189e+01
-1.431254840975091724e+01
-1.429095866347699761e+01
-1.426935265545199627e+01
-1.424773121370068552e+01
-1.422609532616413830e+01
-1.420444541986045728e+01
-1.418278095515767490e+01
-1.416110161903501208e+01
-1.413941021583639746e+01
-1.411770501575150405e+01
-1.409598642594527895e+01
-1.407425443757825967e+01
-1.405251078659630792e+01
-1.403075497948947969e+01
-1.400898696566854618e+01
-1.398720777547312899e+01
-1.396541767476754181e+01
-1.394361626133415477e+01
-1.392180323447699841e+01
-1.389998111460453956e+01
-1.387814866272809411e+01
-1.385630611765618703e+01
-1.383445316292863403e+01
-1.381259279740665846e+01
-1.379072282693113216e+01
-1.376884397922466619e+01
-1.374695642528583583e+01
-1.372506174341168794e+01
-1.370315943405913650e+01
-1.368124538257348100e+01
-1.365932923000370991e+01
-1.363740795680145901e+01
-1.361547801119420242e+01
-1.359354093580724587e+01
-1.357159836728392044e+01
-1.354965130874623647e+01
-1.352769816057015895e+01
-1.350573987704175138e+01
-1.348377676388338031e+01
-1.346181066928197367e+01
-1.343983975203703274e+01
-1.341786496212445456e+01
-1.339588584491986545e+01
-1.337390545814331766e+01
-1.335192215118775927e+01
-1.332993561781909975e+01
-1.330794717141704098e+01
-1.328595786548494750e+01
-1.326396691573623343e+01
-1.324197433812778080e+01
-1.321998020471964708e+01
-1.319798739193624648e+01
-1.317599359679349114e+01
-1.315399978858168950e+01
-1.313200565153864119e+01
-1.311001384613518717e+01
-1.308802299982265538e+01
-1.306603279948313734e+01
-1.304404382516955252e+01
-1.302205767256510427e+01
-1.300007464140483116e+01
-1.297809356504426681e+01
-1.295611540808988238e+01
-1.293414071927241871e+01
-1.291217037614297602e+01
-1.289020393978859325e+01
-1.286824108806063016e+01
-1.284628281309205100e+01
-1.282433051215478415e+01
-1.280238362596231916e+01
-1.278044197345245614e+01
-1.275850556267937996e+01
-1.273657624505679564e+01
-1.271465383367523039e+01
-1.269273773703339181e+01
-1.267082832071382903e+01
-1.264892692127183871e+01
-1.262703484115157160e+01
-1.260515039334028486e+01
-1.258327552461548748e+01
-1.256140838959531969e+01
-1.253955060148959610e+01
-1.251770296559877949e+01
-1.249586433635041516e+01
-1.247403628238338946e+01
-1.245221811089383479e+01
-1.243041212789676564e+01
-1.240861745800171079e+01
-1.238683366447435219e+01
-1.236506173539371112e+01
-1.234330141189347607e+01
-1.232155523735276859e+01
-1.229982114854128383e+01
-1.227810042381159228e+01
-1.225639289937025111e+01
-1.223469900119310516e+01
-1.221302056643259526e+01
-1.219135598761794270e+01
-1.216970556206892695e+01
-1.214807037100201903e+01
-1.212645102511931405e+01
-1.210484856305706813e+01
-1.208326162730675257e+01
-1.206169120941049755e+01
-1.204013731336578275e+01
-1.201860063416512148e+01
-1.199708238714487685e+01
-1.197558132392088126e+01
-1.195409843139520767e+01
-1.193263280416565841e+01
-1.191118678836352629e+01
-1.188976100765359689e+01
-1.186835406610519783e+01
-1.184696694308427389e+01
-1.182559964566481803e+01
-1.180425258609677464e+01
-1.178292745868557923e+01
-1.176162281020057954e+01
-1.174033963071842024e+01
-1.171907791991650072e+01
-1.169783776864401759e+01
-1.167662147156812757e+01
-1.165542729535676614e+01
-1.163425622215032185e+01
-1.161310825325452711e+01
-1.159198339229938668e+01
-1.157088370407398692e+01
-1.154980831659773521e+01
-1.152875686878737227e+01
-1.150773076577142007e+01
-1.148672939606616517e+01
-1.146575421783175841e+01
-1.144480566747803252e+01
-1.142388280693817748e+01
-1.140298663076659480e+01
-1.138211712796871034e+01
-1.136127429687760504e+01
-1.134046024565351374e+01
-1.131967373546093825e+01
-1.129891550793392696e+01
-1.127818555908197773e+01
-1.125748388828082902e+01
-1.123681173869487360e+01
-1.121616955277277938e+01
-1.119555724187446977e+01
-1.117497480359740969e+01
-1.115442224042398145e+01
-1.113389959111548677e+01
-1.111340921841841300e+01
-1.109295043100948241e+01
-1.107252342177587678e+01
-1.105212785361722005e+01
-1.103176470189314706e+01
-1.101143395283422421e+01
-1.099113636345213862e+01
-1.097087259514051460e+01
-1.095064216365036636e+01
-1.093044506271714589e+01
-1.091028224575390304e+01
-1.089015338693855561e+01
-1.087006019073529650e+01
-1.085000232221175231e+01
-1.082997933787625833e+01
-1.080999217939432810e+01
-1.079004083981796569e+01
-1.077012531773915605e+01
-1.075024711117391085e+01
-1.073040560310023750e+01
-1.071060176297655708e+01
-1.069083526970172926e+01
-1.067110610623155686e+01
-1.065141522381666306e+01
-1.063176289309227585e+01
-1.061214962539797746e+01
-1.059257553367729798e+01
-1.057304029133425871e+01
-1.055354482274211492e+01
-1.053408911792141645e+01
-1.051467316727984880e+01
-1.049529879921920106e+01
-1.047596523685372105e+01
-1.045667231807292197e+01
-1.043742095632436850e+01
-1.041820893800705861e+01
-1.039904096378303677e+01
-1.037991542470003381e+01
-1.036083271967137698e+01
-1.034179271109604237e+01
-1.032279542038085118e+01
-1.030384175359438359e+01
-1.028493199351282072e+01
-1.026606611519173917e+01
-1.024724465066139345e+01
-1.022846836986682462e+01
-1.020973652427519340e+01
-1.019105001125428700e+01
-1.017240881186538282e+01
-1.015381291136822028e+01
-1.013526319697963807e+01
-1.011676025828149861e+01
-1.009830378422041619e+01
-1.007989433428682347e+01
-1.006153189105028645e+01
-1.004321644298294558e+01
-1.002494885569597471e+01
-1.000672911469899695e+01
-9.988557687256960804e+00
-9.970435346401483656e+00
-9.952361232139171676e+00
-9.934336255808712934e+00
-9.916360756049721559e+00
-9.898434454393843396e+00
-9.880558213332365725e+00
-9.862732217401966039e+00
-9.844956858447691417e+00
-9.827232361530452209e+00
-9.809558702269978170e+00
-9.791935860696693084e+00
-9.774364681098925089e+00
-9.756845140315391518e+00
-9.739377218476743536e+00
-9.721962320907078237e+00
-9.704600063873947136e+00
-9.687290212196325356e+00
-9.670033586992026642e+00
-9.652829885481153838e+00
-9.635679934662839230e+00
-9.618583705259545980e+00
-9.601541165946755996e+00
-9.584553865728990374e+00
-9.567621077099166982e+00
-9.550742421400226334e+00
-9.533918826591175844e+00
-9.517151026204876629e+00
-9.500438440707403842e+00
-9.483781876945094780e+00
-9.467181304538986097e+00
-9.450637349884575045e+00
-9.434150187966899637e+00
-9.417719748942364077e+00
-9.401346007121158976e+00
-9.385029747563374158e+00
-9.368770941043033318e+00
-9.352569564063045959e+00
-9.336426387418478967e+00
-9.320341798402990818e+00
-9.304315579017815807e+00
-9.288348267796866509e+00
-9.272439556691693952e+00
-9.256590231675799529e+00
-9.240800249698251534e+00
-9.225069578605802789e+00
-9.209398981279433016e+00
-9.193788437894024668e+00
-9.178238444623595171e+00
-9.162748993945845299e+00
-9.147320496448548610e+00
-9.131952677883683478e+00
-9.116646278100960288e+00
-9.101401261426749656e+00
-9.086217596159581689e+00
-9.071096011129505143e+00
-9.056036518087354992e+00
-9.041039543024906422e+00
-9.026105290031770423e+00
-9.011233725052045784e+00
-8.996424814930078284e+00
-8.981679269962821621e+00
-8.966997053191745337e+00
-8.952378119152060165e+00
-8.937823191797829026e+00
-8.923332221929845431e+00
-8.908905556870239550e+00
-8.894543622937973737e+00
-8.880246257421553935e+00
-8.866013421877207534e+00
-8.851887602818521827e+00
-8.837828926778282579e+00
-8.823792765370646052e+00
-8.809822367069296334e+00
-8.795917689552524621e+00
-8.782078694937981211e+00
-8.768297679660919997e+00
-8.754508302217333338e+00
-8.740867852898510648e+00
-8.727295177806718485e+00
-8.713789834927952782e+00
-8.700350174656170665e+00
-8.686978040591670336e+00
-8.673673392555807382e+00
-8.660436180686037488e+00
-8.647266715282079019e+00
-8.634165964036654373e+00
-8.621133287562914305e+00
-8.608169229616054352e+00
-8.595273743380118958e+00
-8.582446785717296578e+00
-8.569688973960118972e+00
-8.557000262356112330e+00
-8.544380608613030503e+00
-8.531830619218904843e+00
-8.519350247857861547e+00
-8.506939683247034978e+00
-8.494599197570689597e+00
-8.482328930528236555e+00
-8.470129075395345097e+00
-8.457999463846247679e+00
-8.445940673547701394e+00
-8.433952659529326823e+00
-8.422035383173412271e+00
-8.410189406268685275e+00
-8.398414686781514149e+00
-8.386711172875415343e+00
-8.375079439674520287e+00
-8.363519648002871065e+00
-8.352031633079402440e+00
-8.340615848401798260e+00
-8.329272148571133627e+00
-8.318000471476377555e+00
-8.306801679780035030e+00
-8.295675513584271243e+00
-8.284621928072454011e+00
-8.273641453122605682e+00
-8.262734039915722306e+00
-8.251899644796539590e+00
-8.241137195579179675e+00
-8.230449933612725033e+00
-8.219836466920368068e+00
-8.209296579007586914e+00
-8.198830770427912640e+00
-8.188438793418413297e+00
-8.178120661711002271e+00
-8.167877367149070977e+00
-8.157708504912660530e+00
-8.147614027529204606e+00
-8.137594423192151538e+00
-8.127649640560642652e+00
-8.117779629612746461e+00
-8.107984873045515073e+00
-8.098265454699525634e+00
-8.088621278554555261e+00
-8.079052714613252917e+00
-8.069559714971560993e+00
-8.060142235716137193e+00
-8.050800724188029278e+00
-8.041535134132960394e+00
-8.032345582568728659e+00
-8.023232026991836463e+00
-8.014194900491679263e+00
-8.005234156704188919e+00
-7.996349754147010103e+00
-7.987542113678410161e+00
-7.978811189987137453e+00
-7.970157048407055633e+00
-7.961580066727520943e+00
-7.953080121098523136e+00
-7.944657170836783244e+00
-7.936311615267432451e+00
-7.928043355051096697e+00
-7.919852512848777337e+00
-7.911739169415186623e+00
-7.903703630899879151e+00
-7.895745846289552894e+00
-7.887865774794034834e+00
-7.880063793300953634e+00
-7.872339857265886032e+00
-7.864693926741145091e+00
-7.857126367390368848e+00
-7.849637163214132407e+00
-7.842226360402640317e+00
-7.834894195386206128e+00
-7.827640626381939803e+00
-7.820465742268023490e+00
-7.813369507202690301e+00
-7.806352257032215469e+00
-7.799413952287267193e+00
-7.792554559021279026e+00
-7.785774400648666216e+00
-7.779073438754660508e+00
-7.772451642064779342e+00
-7.765909320172561969e+00
-7.759446437802709262e+00
-7.753063073869640220e+00
-7.746759190591347100e+00
-7.740535097970416167e+00
-7.734390760299267420e+00
-7.728326213146746504e+00
-7.722341395025761557e+00
-7.716436864720255251e+00
-7.710612221161507129e+00
-7.704867794767120692e+00
-7.699203551195119566e+00
-7.693619559983281064e+00
-7.688115793140992693e+00
-7.682692513679062252e+00
-7.677349689247742859e+00
-7.672087294180611750e+00
-7.666905579186623854e+00
-7.661804514734274818e+00
-7.656784076545466000e+00
-7.651844503620423232e+00
-7.646985768323673938e+00
-7.642207822830680009e+00
-7.637510852339588929e+00
-7.632894995801249749e+00
-7.628360241109389150e+00
-7.623906571264808640e+00
-7.619534167553182691e+00
-7.615243004806750982e+00
-7.611033137747733157e+00
-7.606904544658977585e+00
-7.602857431600593685e+00
-7.598891773303520836e+00
-7.595007553152515634e+00
-7.591204959838588451e+00
-7.587483973355791278e+00
-7.583844578856949070e+00
-7.580286933357272439e+00
-7.576811044918151161e+00
-7.573416971392702202e+00
-7.570104684689625607e+00
-7.566874346187884903e+00
-7.563725941328433677e+00
-7.560659461180711638e+00
-7.557675055272444098e+00
-7.554772711562074861e+00
-7.551952471402205269e+00
-7.549214329199063656e+00
-7.546558418821884828e+00
-7.543984755987111157e+00
-7.541493311576782155e+00
-7.539084207092082934e+00
-7.536757428819073290e+00
-7.534512986378255839e+00
-7.532350956456347113e+00
-7.530271407664840488e+00
-7.528274333750631264e+00
-7.526359735716333432e+00
-7.524527712930752621e+00
-7.522778263393574250e+00
-7.521111418526480463e+00
-7.519527183151541117e+00
-7.518025640792108000e+00
-7.516606793316560342e+00
-7.515270648338979065e+00
-7.514017277784172499e+00
-7.512846686347700143e+00
-7.511758900800124650e+00
-7.510753929440502574e+00
-7.509831834427680874e+00
-7.508992623159755020e+00
-7.508236308392636893e+00
-7.507562935310633456e+00
-7.506972515268022228e+00
-7.506465070592995836e+00
-7.506040619486654464e+00
-7.505699191614035648e+00
-7.505440802395382249e+00
-7.505265472232530932e+00
-7.505173220462292960e+00
-7.505164061003845255e+00
-7.505238014782684708e+00
-7.505395105980389836e+00
-7.505635339853839127e+00
-7.505958741267233059e+00
-7.506365356073449568e+00
-7.506855132482743720e+00
-7.507428118417941221e+00
-7.508084327847983630e+00
-7.508823792667546293e+00
-7.509646490987960554e+00
-7.510552451717086520e+00
-7.511541709560288105e+00
-7.512614231574113788e+00
-7.513770049792589667e+00
-7.515009174389715163e+00
-7.516331644187331129e+00
-7.517737411458131902e+00
-7.519226512394811657e+00
-7.520798955028781485e+00
-7.522454782329597300e+00
-7.524193946765942442e+00
-7.526016474375795795e+00
-7.527922395761111218e+00
-7.529911652681369638e+00
-7.531984288496264668e+00
-7.534140307613700571e+00
-7.536379762267713112e+00
-7.538702560789764640e+00
-7.541108752882518473e+00
-7.543598393463089913e+00
-7.546171380882008783e+00
-7.548827767547085621e+00
-7.551567554393939119e+00
-7.554390800530058847e+00
-7.557297390165476081e+00
-7.560287379891289739e+00
-7.563360768723281780e+00
-7.566517708975872836e+00
-7.569757919469648932e+00
-7.573081497529715378e+00
-7.576488535657839307e+00
-7.579978892761247700e+00
-7.583552633179070135e+00
-7.587209752675137864e+00
-7.590950322474061096e+00
-7.594774187119823772e+00
-7.598681414729480110e+00
-7.602672000535635632e+00
-7.606746019208092235e+00
-7.610903301937459453e+00
-7.615143921515240777e+00
-7.619467957956695514e+00
-7.623875228941477289e+00
-7.628365812081993269e+00
-7.632939698292121378e+00
-7.637597028159778034e+00
-7.642337495607071318e+00
-7.647161234026554233e+00
-7.652068234897195786e+00
-7.657058588753837824e+00
-7.662132082011444467e+00
-7.667288802871834008e+00
-7.672528738897577583e+00
-7.677851978368166463e+00
-7.683258299408167957e+00
-7.688747796258774692e+00
-7.694320567831773872e+00
-7.699976374842705695e+00
-7.705715314809865824e+00
-7.711537372060474738e+00
-7.717442649944707078e+00
-7.723430895987448253e+00
-7.729502217484794713e+00
-7.735656787301310899e+00
-7.741894315536629101e+00
-7.748214737651641926e+00
-7.754618159535543676e+00
-7.761104562875095425e+00
-7.767674058805415171e+00
-7.774326370016074961e+00
-7.781061605482214816e+00
-7.787879886902972615e+00
-7.794780912684723617e+00
-7.801764802187602932e+00
-7.808831534500146887e+00
-7.815981238136411768e+00
-7.823213593474092953e+00
-7.830528726711936116e+00
-7.837926615478898462e+00
-7.845407387986540471e+00
-7.852970721192716219e+00
-7.860616845866553071e+00
-7.868345515122602940e+00
-7.876156980875679281e+00
-7.884050901815657042e+00
-7.892027410835940948e+00
-7.900086482761619067e+00
-7.908228256938421019e+00
-7.916452379211439627e+00
-7.924758986814708805e+00
-7.933147670304681931e+00
-7.941619192021935447e+00
-7.950173155863909713e+00
-7.958809498157514817e+00
-7.967528366434844855e+00
-7.976329383092766179e+00
-7.985212693598807476e+00
-7.994178269100848055e+00
-8.003226260112347390e+00
-8.012356279106823465e+00
-8.021568474600620391e+00
-8.030862813466644212e+00
-8.040239470247048104e+00
-8.049698014794927303e+00
-8.059238613404041018e+00
-8.068861234679408412e+00
-8.078566048624269413e+00
-8.088352621269432774e+00
-8.098221120534198292e+00
-8.108171513789681484e+00
-8.118203973942639706e+00
-8.128318057465037327e+00
-8.138513935265399013e+00
-8.148791573505832275e+00
-8.159116621046450746e+00
-8.169535954337938222e+00
-8.180093803604947311e+00
-8.190719259894930104e+00
-8.201405843516031524e+00
-8.212173599380449218e+00
-8.223022587390236282e+00
-8.233953054485017020e+00
-8.244965187506370086e+00
-8.256057289291186763e+00
-8.267230832443601685e+00
-8.278486981883308005e+00
-8.289824198289899471e+00
-8.301242669686139664e+00
-8.312742357913538882e+00
-8.324323458321860159e+00
-8.335985465955793927e+00
-8.347728574282909264e+00
-8.359552744043774908e+00
-8.371458193682284943e+00
-8.383444369142281971e+00
-8.395511486640030441e+00
-8.407659505837910885e+00
-8.419888640306322003e+00
-8.432198436867020419e+00
-8.444589237139020099e+00
-8.457060453352537976e+00
-8.469612625972740005e+00
-8.482245193678364714e+00
-8.494958373327232692e+00
-8.507752122488525970e+00
-8.520626664210182000e+00
-8.533581425345627025e+00
-8.546616626202796496e+00
-8.559732199429607391e+00
-8.572928319347720816e+00
-8.586204476698780397e+00
-8.599560897091180323e+00
-8.612997536067421578e+00
-8.626514625780000500e+00
-8.640111568846634782e+00
-8.653788595651137783e+00
-8.667545660761190263e+00
-8.681382999104954479e+00
-8.695300149881800778e+00
-8.709297109586538355e+00
-8.723373868735231795e+00
-8.737530727415009579e+00
-8.751767056146793067e+00
-8.766083098480089930e+00
-8.780478807090975835e+00
-8.794954451539549467e+00
-8.809509351470680372e+00
-8.824143774332647183e+00
-8.838857671884381872e+00
-8.853650995658567169e+00
-8.868524006514835634e+00
-8.883476035835597528e+00
-8.898507346416366204e+00
-8.913617887101469961e+00
-8.928807926406424400e+00
-8.944076779590989901e+00
-8.959424713469401169e+00
-8.974851677803620476e+00
-8.990358003986733237e+00
-9.005943349132177644e+00
-9.021607098841716521e+00
-9.037349675909025493e+00
-9.053171236877000538e+00
-9.069071145317940008e+00
-9.085049723690085344e+00
-9.101106920042438375e+00
-9.117243015840314158e+00
-9.133457292664296290e+00
-9.149750030368082321e+00
-9.166121176176153185e+00
-9.182571012796234555e+00
-9.199098816788048083e+00
-9.215704869334057747e+00
-9.232389116850905353e+00
-9.249151858345683763e+00
-9.265992335053345741e+00
-9.282910844783110349e+00
-9.299907333710422108e+00
-9.316982124289555856e+00
-9.334134475775559991e+00
-9.351364703271491052e+00
-9.368672559374935815e+00
-9.386058486343918261e+00
-9.403521695790017176e+00
-9.421062497853656126e+00
-9.438680836623566606e+00
-9.456376656000468728e+00
-9.474150275944264621e+00
-9.492000764601643326e+00
-9.509928460080239176e+00
-9.527933406693344764e+00
-9.546015927752042884e+00
-9.564175206476630109e+00
-9.582411564677528304e+00
-9.600724944774686520e+00
-9.619115674135134242e+00
-9.637582925678705337e+00
-9.656127025298889777e+00
-9.674747914702255258e+00
-9.693445926275563451e+00
-9.712220219111044273e+00
-9.731071390407253219e+00
-9.749999236879480335e+00
-9.769003582417575160e+00
-9.788083973834199369e+00
-9.807240742105602038e+00
-9.826473827551717832e+00
-9.845783170322729205e+00
-9.865169124990943672e+00
-9.884630803506837537e+00
-9.904168491734345992e+00
-9.923781981496016869e+00
-9.943471863484916184e+00
-9.963237198121813520e+00
-9.983078362972559461e+00
-1.000299529684931521e+01
-1.002298836483028133e+01
-1.004305665355026633e+01
-1.006320052675141064e+01
-1.008341992259932063e+01
-1.010371521401946815e+01
-1.012408547010700133e+01
-1.014453106237753843e+01
-1.016505203101617383e+01
-1.018564830402635479e+01
-1.020631996669767716e+01
-1.022706627588748418e+01
-1.024788760629063056e+01
-1.026878389711248118e+01
-1.028975552758678802e+01
-1.031080141222031621e+01
-1.033192186632830811e+01
-1.035311702127061650e+01
-1.037438726259400923e+01
-1.039573162801956308e+01
-1.041715050177551305e+01
-1.043864381939687824e+01
-1.046021151627018675e+01
-1.048185397776246397e+01
-1.050357023960702385e+01
-1.052536068597216889e+01
-1.054722525165712099e+01
-1.056916434576058172e+01
-1.059117695515304014e+01
-1.061326348739734726e+01
-1.063542387671552447e+01
-1.065765863483792941e+01
-1.067996724205618264e+01
-1.070234867339401674e+01
-1.072480344321389012e+01
-1.074733173529273778e+01
-1.076993397030542354e+01
-1.079260910775212068e+01
-1.081535756713309127e+01
-1.083817927855962893e+01
-1.086107467505197555e+01
-1.088404269835990057e+01
-1.090708377457485767e+01
-1.093019783609977225e+01
-1.095338531445164065e+01
-1.097664514419715864e+01
-1.099997775564339442e+01
-1.102338308065365347e+01
-1.104686105095798077e+01
-1.107041210247987273e+01
-1.109403489834966372e+01
-1.111772996340659247e+01
-1.114149739536479977e+01
-1.116533763472214957e+01
-1.118924959445333300e+01
-1.121323389549106686e+01
-1.123729020244328858e+01
-1.126141893989098364e+01
-1.128561912056455974e+01
-1.130989118287039119e+01
-1.133423505697004252e+01
-1.135865067289795505e+01
-1.138313849259156285e+01
-1.140769738288352286e+01
-1.143232780435121754e+01
-1.145702968652581788e+01
-1.148180308375527403e+01
-1.150664719740776754e+01
-1.153156255675544806e+01
-1.155654908981672691e+01
-1.158160672528842028e+01
-1.160673594067634262e+01
-1.163193556797977735e+01
-1.165720608367814393e+01
-1.168254741619306536e+01
-1.170796005162789832e+01
-1.173344280344495161e+01
-1.175899615661765907e+01
-1.178462015546325325e+01
-1.181031528613453396e+01
-1.183608049155736985e+01
-1.186191500293542234e+01
-1.188781975005388425e+01
-1.191379466026201861e+01
-1.193984022583479643e+01
-1.196595524461155158e+01
-1.199214020782263113e+01
-1.201839504235418588e+01
-1.204471967497719298e+01
-1.207111460245561751e+01
-1.209757861190870720e+01
-1.212411219907761861e+01
-1.215071529027868813e+01
-1.217738838259478662e+01
-1.220413022236260225e+01
-1.223094082142766403e+01
-1.225782061980721593e+01
-1.228476955160106954e+01
-1.231178812551856261e+01
-1.233887509515613345e+01
-1.236603097105689386e+01
-1.239325567853797594e+01
-1.242054978341954197e+01
-1.244791206695447272e+01
-1.247534309654457019e+01
-1.250284237969856882e+01
-1.253041011944149652e+01
-1.255804685276236654e+01
-1.258575090779436678e+01
-1.261352295970761439e+01
-1.264136316192397302e+01
-1.266927205899957798e+01
-1.269724833523850371e+01
-1.272529253421421558e+01
-1.275340457986655451e+01
-1.278158439603190999e+01
-1.280983252969710762e+01
-1.283814765870281782e+01
-1.286653032911459604e+01
-1.289498046436328949e+01
-1.292349861471513073e+01
-1.295208299599516089e+01
-1.298073441901472513e+01
-1.300945357081631926e+01
-1.303823900820521331e+01
-1.306709179831166878e+01
-1.309601087653166296e+01
-1.312499679608822056e+01
-1.315404947815584613e+01
-1.318316884527697930e+01
-1.321235545472195838e+01
-1.324160795984883876e+01
-1.327092691708990913e+01
-1.330031206569506885e+01
-1.332976364505537603e+01
-1.335928080237883542e+01
-1.338886409552703149e+01
-1.341851344630537568e+01
-1.344822877642861414e+01
-1.347801071581531573e+01
-1.350785777106462682e+01
-1.353777057029092568e+01
-1.356774903485465344e+01
-1.359779308602872483e+01
-1.362790332559557349e+01
-1.365807813394460446e+01
-1.368831774868817774e+01
-1.371862262981583136e+01
-1.374899338092261303e+01
-1.377942855788642262e+01
-1.380992876350302367e+01
-1.384050108195051010e+01
-1.387113953086930707e+01
-1.390183560096066095e+01
-1.393259577438843877e+01
-1.396342079571119044e+01
-1.399431006724338111e+01
-1.402526336058756939e+01
-1.405628142878443931e+01
-1.408736311461036195e+01
-1.411850902740799896e+01
-1.414971908682619706e+01
-1.418099390470418619e+01
-1.421233201654013456e+01
-1.424373403346946709e+01
-1.427519987483090702e+01
-1.430672945988746747e+01
-1.433832340617877321e+01
-1.436998000344087600e+01
-1.440169953615470533e+01
-1.443348248433723136e+01
-1.446532876688178781e+01
-1.449723899324486709e+01
-1.452921170125696015e+01
-1.456124749986965483e+01
-1.459334630769006047e+01
-1.462550804325600495e+01
-1.465773338963859729e+01
-1.469002073751339665e+01
-1.472237052446511463e+01
-1.475478232138296697e+01
-1.478725832606853885e+01
-1.481979531623252733e+01
-1.485239440346025752e+01
-1.488505575985882423e+01
-1.491777930336824198e+01
-1.495056569563900162e+01
-1.498341336684368663e+01
-1.501632297735860710e+01
-1.504929444785754100e+01
-1.508232719646173514e+01
-1.511542201547478825e+01
-1.514857769015076094e+01
-1.518179488866884519e+01
-1.521507352842521854e+01
-1.524841352675869643e+01
-1.528181555409253711e+01
-1.531527802182153586e+01
-1.534880159980211367e+01
-1.538238620515095256e+01
-1.541603240979349820e+01
-1.545143673308596455e+01
-1.548533717841192114e+01
-1.551785954266091139e+01
-1.555121874773622892e+01
-1.558516761164840680e+01
-1.561917615667287862e+01
-1.565324505956609435e+01
-1.568737434674368281e+01
-1.572156413214256077e+01
-1.575581435659379537e+01
-1.579012302157364367e+01
-1.582449151627704786e+01
-1.585891986358318029e+01
-1.589340797988388232e+01
-1.592795658296997274e+01
-1.596256398723702929e+01
-1.599723090942906367e+01
-1.603195726577126123e+01
-1.606674297162923182e+01
-1.610158878292525841e+01
-1.613649208332346419e+01
-1.617145436292875971e+01
-1.620647565268536994e+01
-1.624155586859490796e+01
-1.627669573147185744e+01
-1.631189354776410028e+01
-1.634715003799524169e+01
-1.638246511803070860e+01
-1.641783870370341702e+01
-1.645327144607569636e+01
-1.648876078543867862e+01
-1.652430837319144885e+01
-1.655991412505051130e+01
-1.659557795670426117e+01
-1.663130060021893897e+01
-1.666708083007236851e+01
-1.670291923223492958e+01
-1.673881452899059852e+01
-1.677476830258968477e+01
-1.681077834309390795e+01
-1.684684532103564436e+01
-1.688296969887989007e+01
-1.691915139210090757e+01
-1.695539113728150582e+01
-1.699168720788449605e+01
-1.702804034016443424e+01
-1.706445044952021206e+01
-1.710091745133328089e+01
-1.713744204095776169e+01
-1.717402150477428791e+01
-1.721065760255554622e+01
-1.724735024962884111e+01
-1.728409935946864451e+01
-1.732090567749189702e+01
-1.735776746455174901e+01
-1.739468546208759037e+01
-1.743165958537048610e+01
-1.746868974966278643e+01
-1.750577594121903502e+01
-1.754291683114877998e+01
-1.758011350334096790e+01
-1.761736587303728996e+01
-1.765467385547536949e+01
-1.769203824106476119e+01
-1.772945731535635261e+01
-1.776693197474441988e+01
-1.780446155690260568e+01
-1.784204557228524735e+01
-1.787968519306552651e+01
-1.791737894949021026e+01
-1.795512763600790862e+01
-1.799293116785811719e+01
-1.803078946028334428e+01
-1.806870330906716404e+01
-1.810667086859473329e+01
-1.814469293445121423e+01
-1.818276859751155783e+01
-1.822089825764966520e+01
-1.825908304812076821e+01
-1.829732111907394199e+01
-1.833561326829313742e+01
-1.837395941109820896e+01
-1.841235946282040814e+01
-1.845081422182368414e+01
-1.848932183756972591e+01
-1.852788204583244180e+01
-1.856649569235500508e+01
-1.860516281468839495e+01
-1.864388422523483513e+01
-1.868265806216684055e+01
-1.872148512674360532e+01
-1.876036533444798238e+01
-1.879929860078263459e+01
-1.883828546233974066e+01
-1.887732337180509745e+01
-1.891641517202278777e+01
-1.895555896701567988e+01
-1.899475501405389721e+01
-1.903400360885939335e+01
-1.907330562752995817e+01
-1.911265906612043253e+01
-1.915206479960098562e+01
-1.919152193499789050e+01
-1.923103075437057896e+01
-1.927059258413330411e+01
-1.931020539583917284e+01
-1.934987007711905704e+01
-1.938958654388914837e+01
-1.942935471209935727e+01
-1.946917543441390919e+01
-1.950904648684165466e+01
-1.954896797794876662e+01
-1.958894083023243127e+01
-1.962896495982608869e+01
-1.966904122990714399e+01
-1.970916766279864873e+01
-1.974934512162713318e+01
-1.978957352268182035e+01
-1.982985278229359594e+01
-1.987018260968962480e+01
-1.991056202756789872e+01
-1.995099204887432620e+01
-1.999147259011770217e+01
-2.003200356666636850e+01
-2.007258584279802704e+01
-2.011321754918048299e+01
-2.015389987991801846e+01
-2.019463087635085330e+01
-2.023541144699203898e+01
-2.027624289863443607e+01
-2.031712325116004791e+01
-2.035805337000907755e+01
-2.039903317217918399e+01
-2.044006257472062416e+01
-2.048114149473616408e+01
-2.052227004154434198e+01
-2.056344638729240515e+01
-2.060467199782881309e+01
-2.064594679048375880e+01
-2.068727068264374580e+01
-2.072864455058489241e+01
-2.077006639425074042e+01
-2.081153708992849261e+01
-2.085305580468282116e+01
-2.089462257028481673e+01
-2.093623900690938555e+01
-2.097790289345577008e+01
-2.101961521649510800e+01
-2.106137589396560372e+01
-2.110318484386953486e+01
-2.114504298831541007e+01
-2.118694735661223660e+01
-2.122889921897763443e+01
-2.127089902217553075e+01
-2.131294668454489738e+01
-2.135504313536702981e+01
-2.139718672818881373e+01
-2.143937863820807621e+01
-2.148161690921851630e+01
-2.152390148682455617e+01
-2.156623314090572663e+01
-2.160861308398282432e+01
-2.165103922427952909e+01
-2.169351249113801217e+01
-2.173603280029849927e+01
-2.177860007089187633e+01
-2.182121514719825939e+01
-2.186387463648879148e+01
-2.190658084085881185e+01
-2.194933367975226446e+01
-2.199213307269065965e+01
-2.203497994873502819e+01
-2.207787220850606502e+01
-2.212081078135403089e+01
-2.216379498749630983e+01
-2.220682445803246807e+01
-2.224989999724292389e+01
-2.229302253975991377e+01
-2.233618997658922467e+01
-2.237940324261003866e+01
-2.242266225816240777e+01
-2.246596694367095637e+01
-2.250931696161565299e+01
-2.255271123395070632e+01
-2.259615093389070140e+01
-2.263963598221039319e+01
-2.268316629977213239e+01
-2.272674289391265035e+01
-2.277036356430060593e+01
-2.281402919478506064e+01
-2.285773828547429787e+01
-2.290149222143565666e+01
-2.294529094964210714e+01
-2.298913551014195633e+01
-2.303302358828267060e+01
-2.307695622345049458e+01
-2.312093333741750811e+01
-2.316495342969038518e+01
-2.320901876856808599e+01
-2.325312728110908012e+01
-2.329727995726345569e+01
-2.334147672004439400e+01
-2.338571749018096568e+01
-2.343000326687591084e+01
-2.347433092707985836e+01
-2.351870166971629672e+01
-2.356311610602163498e+01
-2.360757415883294996e+01
-2.365207575108613014e+01
-2.369662187864784642e+01
-2.374121031875038312e+01
-2.378584160992586050e+01
-2.383051498461068718e+01
-2.387523151090527307e+01
-2.391999218598771648e+01
-2.396479478599698609e+01
-2.400964030854515130e+01
-2.405452867748043744e+01
-2.409945969584982350e+01
-2.414443297327603588e+01
-2.418944779290240632e+01
-2.423450515138206995e+01
-2.427960573210232553e+01
-2.432474894026763579e+01
-2.436993344828669095e+01
-2.441516126773136364e+01
-2.446042864233977099e+01
-2.450573798169919471e+01
-2.455108932892040130e+01
-2.459648260912663531e+01
-2.464191880973020687e+01
-2.468739450851726858e+01
-2.473290688502974177e+01
-2.477846601088544531e+01
-2.482406643582372396e+01
-2.486970834146284304e+01
-2.491539285977168916e+01
-2.496111750636887550e+01
-2.500688341189949782e+01
-2.505269050265136599e+01
-2.509853730662515403e+01
-2.514442599736883466e+01
-2.519035450088962591e+01
-2.523641817716246294e+01
-2.528252783600151332e+01
-2.532852019690059464e+01
-2.537447666113395073e+01
-2.542060852765037993e+01
-2.546677954282168344e+01
-2.551299100479855397e+01
-2.555924284114053791e+01
-2.560553497952144753e+01
-2.565186848568236755e+01
-2.569824101130429739e+01
-2.574465195782151028e+01
-2.579110284226046446e+01
-2.583759366511273470e+01
-2.588412500662379401e+01
-2.593069751368419418e+01
-2.597730771029980801e+01
-2.602395736770254331e+01
-2.607064504016105744e+01
-2.611737221945532994e+01
-2.616413996929089336e+01
-2.621094594926973542e+01
-2.625779122371929830e+01
-2.630467546123251310e+01
-2.635159635521465660e+01
-2.639855693681814941e+01
-2.644555728965803709e+01
-2.649259592392177254e+01
-2.653967342560059706e+01
-2.658678972476645797e+01
-2.663394475161026165e+01
-2.668113853732158347e+01
-2.672836900867506316e+01
-2.677563799531320754e+01
-2.682294542791467507e+01
-2.687029123727726798e+01
-2.691767535432019898e+01
-2.696509904831043158e+01
-2.701256065816535923e+01
-2.706006018596729135e+01
-2.710759778969701372e+01
-2.715516294239290218e+01
-2.720277648378644031e+01
-2.725042916084466071e+01
-2.729811781932603054e+01
-2.734584281275728301e+01
-2.739360542015690569e+01
-2.744140559107692567e+01
-2.750391004323212485e+01
-2.754987113640287433e+01
-2.758503399931845834e+01
-2.763298247677399289e+01
-2.768096758719431705e+01
-2.772898972786205007e+01
-2.777705019219822802e+01
-2.782514630184735438e+01
-2.787327937464273475e+01
-2.792144917998566100e+01
-2.796965414767062796e+01
-2.801789596411049033e+01
-2.806616486699609680e+01
-2.811447991952567449e+01
-2.816283152861311834e+01
-2.821121939377925614e+01
-2.825964271197258881e+01
-2.830810297893385297e+01
-2.835659797103032176e+01
-2.840512941100089606e+01
-2.845369701164519682e+01
-2.850230047128421873e+01
-2.855093988323655196e+01
-2.859961490459831879e+01
-2.864832434835890851e+01
-2.869706972086681063e+01
-2.874585075958283298e+01
-2.879466731992436479e+01
-2.884351968148234135e+01
-2.889240755566522978e+01
-2.894132916388193522e+01
-2.899028614019637828e+01
-2.903926723675186850e+01
-2.908829496759956967e+01
-2.913735928327363567e+01
-2.918645657071666122e+01
-2.923558786572057144e+01
-2.928475422612775958e+01
-2.933395588363531559e+01
-2.938319071710401431e+01
-2.943246321934207188e+01
-2.948176893550126820e+01
-2.953110770033164201e+01
-2.958048118050368203e+01
-2.962988919187934655e+01
-2.967933167494789259e+01
-2.972880991390010053e+01
-2.977832122045932906e+01
-2.982786544357559322e+01
-2.987744350775663094e+01
-2.992705589263099242e+01
-2.997670249969526779e+01
-3.002637287576910197e+01
-3.007608759175546709e+01
-3.012583529613260680e+01
-3.017561593353876859e+01
-3.022543040564200112e+01
-3.027528009336884907e+01
-3.032516216850104840e+01
-3.037507793635803210e+01
-3.042502670933977527e+01
-3.047500764500676951e+01
-3.052502205427999726e+01
-3.057507131743928497e+01
-3.062515260658093652e+01
-3.067526683467785276e+01
-3.072541426575832091e+01
-3.077559308576740804e+01
-3.082580482039928782e+01
-3.087605126489974339e+01
-3.092632940066066283e+01
-3.097664045397460697e+01
-3.102697250866736312e+01
-3.107734733805158811e+01
-3.112775479500694686e+01
-3.117819764889319600e+01
-3.122867170372885326e+01
-3.127917731486311581e+01
-3.132971534872193686e+01
-3.138028424228239288e+01
-3.143088534933280087e+01
-3.148152018557314946e+01
-3.153218581767987416e+01
-3.158288390892652941e+01
-3.163361424695819935e+01
-3.168437481265110023e+01
-3.173516838998829215e+01
-3.178599272008523258e+01
-3.183684897343186648e+01
-3.188773711419918300e+01
-3.193865610355340934e+01
-3.198960637594391798e+01
-3.204058936908877087e+01
-3.209159012652894916e+01
-3.214263507256102059e+01
-3.219371164337115943e+01
-3.224481979238004214e+01
-3.229595764501263488e+01
-3.234712782024693922e+01
-3.239832798681067061e+01
-3.244955954366840700e+01
-3.250082232190225540e+01
-3.255211622576337760e+01
-3.260343947352689042e+01
-3.265479499087248882e+01
-3.270618012526671947e+01
-3.275759605733753688e+01
-3.280904278558008969e+01
-3.286052045632943930e+01
-3.291202697339729610e+01
-3.296356542740563356e+01
-3.301513310582758010e+01
-3.306673152827477224e+01
-3.311836082508245482e+01
-3.317002119113261926e+01
-3.322169610176663213e+01
-3.327341587932209421e+01
-3.332516437939240461e+01
-3.337694342377380963e+01
-3.342875259129937859e+01
-3.348059141996915855e+01
-3.353245884775560626e+01
-3.358435791891999145e+01
-3.363628527743392027e+01
-3.368824281222537564e+01
-3.374023034608688931e+01
-3.379224694063630352e+01
-3.384429205290757636e+01
-3.389636822454536258e+01
-3.394847264872849024e+01
-3.400060665152084027e+01
-3.405277045272126202e+01
-3.410496261111416771e+01
-3.415718319376583167e+01
-3.420943475603099415e+01
-3.426171451455110173e+01
-3.431401030213715586e+01
-3.436634850593962653e+01
-3.441871427482042378e+01
-3.447110897279724639e+01
-3.452353426281489135e+01
-3.457598706832084190e+01
-3.462846892558238920e+01
-3.468097969984876272e+01
-3.473351751191581371e+01
-3.478608402837413394e+01
-3.483868082197549398e+01
-3.489130512556903341e+01
-3.494395827859818127e+01
-3.499663955806839510e+01
-3.504934758625691416e+01
-3.510208418650440620e+01
-3.515485094937066179e+01
-3.520764530518316349e+01
-3.526046910945574098e+01
-3.531331836286013726e+01
-3.536619511848682862e+01
-3.541910032685045451e+01
-3.547203527326921346e+01
-3.552498304338401880e+01
-3.557797270389021094e+01
-3.563098858137455949e+01
-3.568403231185931190e+01
-3.573710397720522991e+01
-3.579020509991413945e+01
-3.584333265204118391e+01
-3.589648755612975606e+01
-3.594966851285261100e+01
-3.600287724709357917e+01
-3.605611373046748014e+01
-3.610937949011611181e+01
-3.616267110206766233e+01
-3.621598900134281962e+01
-3.626933349736201251e+01
-3.632270525251976068e+01
-3.637610473362006758e+01
-3.642953310036900660e+01
-3.648298688447707860e+01
-3.653646607270330549e+01
-3.658997257832041328e+01
-3.664350617727740911e+01
-3.669705298591999565e+01
-3.675064247293482822e+01
-3.680425633909275263e+01
-3.685789602936641529e+01
-3.691156278721216211e+01
-3.696525646455602043e+01
-3.701897705123242588e+01
-3.707272590694625336e+01
-3.712649786044923417e+01
-3.718029649763326461e+01
-3.723412186014667924e+01
-3.728797374328814129e+01
-3.734185232997091930e+01
-3.739575801116615850e+01
-3.744968788848587593e+01
-3.750364381649303169e+01
-3.755762585365539508e+01
-3.761163509733088972e+01
-3.766566995230343906e+01
-3.771972877654645373e+01
-3.777381532768546180e+01
-3.782792667269302456e+01
-3.788206419366712652e+01
-3.793622794317694513e+01
-3.799040190401949957e+01
-3.804461529656853003e+01
-3.809885617336501440e+01
-3.815312145892144002e+01
-3.820741270352908003e+01
-3.826172966590741709e+01
-3.831607009878519676e+01
-3.837043630909032998e+01
-3.842482991681180238e+01
-3.847924761467962895e+01
-3.853369095409619405e+01
-3.858815824070561717e+01
-3.864265025723469904e+01
-3.869716791729476313e+01
-3.875171252194751048e+01
-3.880628085032617491e+01
-3.886087386138863309e+01
-3.891549047737666456e+01
-3.897013245763311318e+01
-3.902479968177673442e+01
-3.907949364975119266e+01
-3.913421096283742173e+01
-3.918895166580391987e+01
-3.924370220505391416e+01
-3.929849240299120794e+01
-3.935330776906100425e+01
-3.940814817642684886e+01
-3.946301368370998830e+01
-3.951790146593661035e+01
-3.957281400838191132e+01
-3.962775130269697854e+01
-3.968271327498558065e+01
-3.973769973328315075e+01
-3.979271224955637365e+01
-3.984774624337295279e+01
-3.990280446634393741e+01
-3.995788728622455466e+01
-4.001299471111224904e+01
-4.006812423796935718e+01
-4.012327928736345228e+01
-4.017845726882772084e+01
-4.023365967408750521e+01
-4.028888636334835383e+01
-4.034413563133358593e+01
-4.039940822162872536e+01
-4.045470521925967233e+01
-4.051002801177927637e+01
-4.056535777098677897e+01
-4.062072606403201291e+01
-4.067611674864208027e+01
-4.073153329427122316e+01
-4.078697206908808681e+01
-4.084243608754221100e+01
-4.089792233741756178e+01
-4.095343011810142286e+01
-4.100896175032757895e+01
-4.106451717716173277e+01
-4.112009620538251653e+01
