-2.045239378527578111e+01
-2.044462450143307208e+01
-2.043681633257714125e+01
-2.042896999727940610e+01
-2.042108516984466959e+01
-2.041316161150288266e+01
-2.040520028014319465e+01
-2.039719975477641256e+01
-2.038916168117542682e+01
-2.038108439283927709e+01
-2.037296893581725143e+01
-2.036481485440181771e+01
-2.035662191208476557e+01
-2.034839076167740402e+01
-2.034012044597266566e+01
-2.033181230886212632e+01
-2.032346527887949605e+01
-2.031507999651269714e+01
-2.030665519632328753e+01
-2.029819069754574912e+01
-2.028968825535780240e+01
-2.028114734993743085e+01
-2.027256752518309213e+01
-2.026394870270184967e+01
-2.025529137717115802e+01
-2.024659464422026645e+01
-2.023785955188659003e+01
-2.022908482556624321e+01
-2.022027194893529867e+01
-2.021141919019508038e+01
-2.020252853070068966e+01
-2.019359779052017601e+01
-2.018462904583641304e+01
-2.017562029309967997e+01
-2.016657327697577884e+01
-2.015748620438100858e+01
-2.014836097018132577e+01
-2.013919598136153866e+01
-2.012999257421138211e+01
-2.012074936853912988e+01
-2.011146758418660951e+01
-2.010214620184781609e+01
-2.009278611619683375e+01
-2.008338631722665824e+01
-2.007394789626632559e+01
-2.006446977980212409e+01
-2.005495317961797497e+01
-2.004539670313063127e+01
-2.003580172060428310e+01
-2.002616696665010210e+01
-2.001649371948479583e+01
-2.000678047968892059e+01
-1.999702877457538364e+01
-1.998723720241764212e+01
-1.997740765707854038e+01
-1.996753785123821245e+01
-1.995762998159393220e+01
-1.994768218877115373e+01
-1.993769604496951331e+01
-1.992767024245233998e+01
-1.991760582974285398e+01
-1.990750192263888607e+01
-1.989735949241219970e+01
-1.988717783911422998e+01
-1.987695720959657208e+01
-1.986669793863075739e+01
-1.985639929223232869e+01
-1.984606241819775363e+01
-1.983568584313931638e+01
-1.982527118928211252e+01
-1.981481688506636019e+01
-1.980432492030962166e+01
-1.979379354444035499e+01
-1.978322392983984557e+01
-1.977261532972525160e+01
-1.976196829583941295e+01
-1.975128273895818154e+01
-1.974055830697932734e+01
-1.972979595940860165e+01
-1.971899415025691482e+01
-1.970815513638883942e+01
-1.969727686372657161e+01
-1.968636093826234301e+01
-1.967540632862181482e+01
-1.966441353069252074e+01
-1.965338277626841901e+01
-1.964231315139613798e+01
-1.963120656600802505e+01
-1.962006090121067814e+01
-1.960887765268791938e+01
-1.959765635943738715e+01
-1.958639726603281161e+01
-1.957510054851174175e+01
-1.956376524240823045e+01
-1.955239343637540372e+01
-1.954098292851457330e+01
-1.952953542648639385e+01
-1.951805004404391397e+01
-1.950652691352666324e+01
-1.949496675263326395e+01
-1.948336842749293751e+01
-1.947173376762973618e+01
-1.946006114031230183e+01
-1.944835136628136851e+01
-1.943660466792497488e+01
-1.942482010120087921e+01
-1.941299944246281939e+01
-1.940114116093096186e+01
-1.938924581417978033e+01
-1.937731355377116316e+01
-1.936534411194414673e+01
-1.935333953234204429e+01
-1.934129787698383396e+01
-1.932921840303727024e+01
-1.931710277329371195e+01
-1.930494870715406819e+01
-1.929276038296858431e+01
-1.928053490731945629e+01
-1.926827293250275375e+01
-1.925597521229984821e+01
-1.924364029017823086e+01
-1.923127014687349856e+01
-1.921886340887828126e+01
-1.920642023493978456e+01
-1.919394182474216848e+01
-1.918142678895955910e+01
-1.916887598527138081e+01
-1.915628964404463730e+01
-1.914366657766021973e+01
-1.913100892734142278e+01
-1.911831456513105110e+01
-1.910558444726613203e+01
-1.909281989161149795e+01
-1.908001891642896908e+01
-1.906718292081098909e+01
-1.905431160240608435e+01
-1.904140434514854974e+01
-1.902846252501378999e+01
-1.901548529122469589e+01
-1.900247212491174054e+01
-1.898942515337684256e+01
-1.897634211932694726e+01
-1.896322420045709478e+01
-1.895007192608343161e+01
-1.893688420847190201e+01
-1.892366181689580173e+01
-1.891040508714576163e+01
-1.889711279010843725e+01
-1.888378668250657810e+01
-1.887042573855963923e+01
-1.885702972956946155e+01
-1.884360009410390546e+01
-1.883013564508146942e+01
-1.881663577217348049e+01
-1.880310327968289030e+01
-1.878953605456563736e+01
-1.877593402472171746e+01
-1.876229913103953351e+01
-1.874862935475212211e+01
-1.873492545138067555e+01
-1.872118838094963778e+01
-1.870741695250594816e+01
-1.869361136698750769e+01
-1.867977302563826925e+01
-1.866590018929474581e+01
-1.865199353715864561e+01
-1.863805417900305628e+01
-1.862408086009252273e+01
-1.861007383318153430e+01
-1.859603438130612219e+01
-1.858196083278018662e+01
-1.856785406365681723e+01
-1.855371478006748731e+01
-1.853954195514229042e+01
-1.852533566223656081e+01
-1.851109751774726675e+01
-1.849682569391209341e+01
-1.848252078231997686e+01
-1.846818348850472447e+01
-1.845381367090235614e+01
-1.843941046531868366e+01
-1.842497614985081000e+01
-1.841050863049590802e+01
-1.839600830490827121e+01
-1.838147645048609746e+01
-1.836691226278101752e+01
-1.835231514218206073e+01
-1.833768675526041037e+01
-1.832302642202501985e+01
-1.830833339681906935e+01
-1.829360892421606621e+01
-1.827885280645578092e+01
-1.826406479767992153e+01
-1.824924479810990974e+01
-1.823439437149038156e+01
-1.821951176055988242e+01
-1.820459742437700257e+01
-1.818965276223014627e+01
-1.817467670400242952e+01
-1.815966881164504798e+01
-1.814463067509844052e+01
-1.812956159977816029e+01
-1.811446135825591952e+01
-1.809933008536772903e+01
-1.808416862656362412e+01
-1.806897651211385636e+01
-1.805375362253739979e+01
-1.803850125221213219e+01
-1.802321852067302643e+01
-1.800790492758627082e+01
-1.799256179691919755e+01
-1.797718916721596472e+01
-1.796178598410521943e+01
-1.794635277792932726e+01
-1.793089099506138950e+01
-1.791539939159022765e+01
-1.789987767461554924e+01
-1.788432722608610703e+01
-1.786874754732052750e+01
-1.785313874947422974e+01
-1.783750029638415668e+01
-1.782183442785170513e+01
-1.780613917490289566e+01
-1.779041503345642283e+01
-1.777466263015562120e+01
-1.775888219332852103e+01
-1.774307324615955039e+01
-1.772723549072599170e+01
-1.771137084799254069e+01
-1.769547800665390369e+01
-1.767955716937466804e+01
-1.766360825809539747e+01
-1.764763243560102168e+01
-1.763162927754306963e+01
-1.761559866037543642e+01
-1.759954125607778153e+01
-1.758345718554530634e+01
-1.756734607256099068e+01
-1.755120763007695217e+01
-1.753504360570179088e+01
-1.751885303356438683e+01
-1.750263600419317456e+01
-1.748639222004953453e+01
-1.747012378991622583e+01
-1.745382904739691909e+01
-1.743750844347406570e+01
-1.742116203517566930e+01
-1.740479091395229716e+01
-1.738839463585600953e+01
-1.737197010740145231e+01
-1.735552435080116851e+01
-1.733905508834018860e+01
-1.732255962186462384e+01
-1.730603902723199639e+01
-1.728949443998574154e+01
-1.727292654277811579e+01
-1.725633408722328355e+01
-1.723971770788544688e+01
-1.722307757432921704e+01
-1.720641499286282183e+01
-1.718972853533881562e+01
-1.717301883933723516e+01
-1.715628550479475578e+01
-1.713953076299974754e+01
-1.712275331129705336e+01
-1.710595286502268664e+01
-1.708913034316886126e+01
-1.707228648737449461e+01
-1.705542064263169166e+01
-1.703853276544558071e+01
-1.702162285438486578e+01
-1.700469302235414304e+01
-1.698774147793469780e+01
-1.697076889248813458e+01
-1.695377497658559207e+01
-1.693676169255429897e+01
-1.691972794775053046e+01
-1.690267345241369412e+01
-1.688559858873432162e+01
-1.686850453042663744e+01
-1.685139145198416699e+01
-1.683425841560098846e+01
-1.681710610413831120e+01
-1.679993489295144826e+01
-1.678274541244367057e+01
-1.676553727228213120e+01
-1.674831018156417173e+01
-1.673106485305203606e+01
-1.671380232797460508e+01
-1.669652212491242693e+01
-1.667922406172135297e+01
-1.666190810209885242e+01
-1.664457563664565498e+01
-1.662722648480908560e+01
-1.660986013891490032e+01
-1.659247684673913881e+01
-1.657507760709736289e+01
-1.655766340484144550e+01
-1.654023288411458381e+01
-1.652278752965615993e+01
-1.650532586009371983e+01
-1.648784910142806481e+01
-1.647035785575455336e+01
-1.645285118712523698e+01
-1.643533029481220353e+01
-1.641779460203145646e+01
-1.640024589848713532e+01
-1.638268346339352988e+01
-1.636510692067717798e+01
-1.634751702058671086e+01
-1.632991353121711242e+01
-1.631229844865821832e+01
-1.629467010464557575e+01
-1.627702948918432924e+01
-1.625937644728924880e+01
-1.624171129635073640e+01
-1.622403548416527030e+01
-1.620634770093832699e+01
-1.618864815801581258e+01
-1.617093770558495436e+01
-1.615321681797131959e+01
-1.613548631348969309e+01
-1.611774507941842671e+01
-1.609999389678287685e+01
-1.608223275304871080e+01
-1.606446219765679828e+01
-1.604668320250968350e+01
-1.602889474038127204e+01
-1.601109759887431494e+01
-1.599329102591592822e+01
-1.597547692907246386e+01
-1.595765580907034575e+01
-1.593982651547560003e+01
-1.592198984025890773e+01
-1.590414578260441658e+01
-1.588629467553818309e+01
-1.586843790978703694e+01
-1.585057428415086456e+01
-1.583270461037522203e+01
-1.581482888628085348e+01
-1.579694718517837870e+01
-1.577906141088557668e+01
-1.576117012641894988e+01
-1.574327414788457347e+01
-1.572537347941814900e+01
-1.570746812689398375e+01
-1.568955981991402382e+01
-1.567164783699265662e+01
-1.565373188153318296e+01
-1.563581313826639274e+01
-1.561789110307234907e+01
-1.559996701153700904e+01
-1.558204124520297817e+01
-1.556411302479531855e+01
-1.554618320208250637e+01
-1.552825178198951939e+01
-1.551031877725715979e+01
-1.549238599357579993e+01
-1.547445239782062920e+01
-1.545651863829130157e+01
-1.543858473126708120e+01
-1.542065069576480418e+01
-1.540271761493090175e+01
-1.538478589256590823e+01
-1.536685547699736354e+01
-1.534892639132675995e+01
-1.533099866277790291e+01
-1.531307234889403013e+01
-1.529514951571665371e+01
-1.527722959884257392e+01
-1.525931279603842761e+01
-1.524139884657519950e+01
-1.522348862822933668e+01
-1.520558216291420628e+01
-1.518768014392482257e+01
-1.516978318492018651e+01
-1.515189090201343980e+01
-1.513400332696558692e+01
-1.511612133248348044e+01
-1.509824467340274268e+01
-1.508037488694404438e+01
-1.506251172436761721e+01
-1.504465483956238359e+01
-1.502680510673669367e+01
-1.500896256625741998e+01
-1.499112726335546419e+01
-1.497330057219744148e+01
-1.495548199707897119e+01
-1.493767245013079226e+01
-1.491987169892482612e+01
-1.490207978013211765e+01
-1.488429759611994463e+01
-1.486652544416659083e+01
-1.484876383839428016e+01
-1.483101294003640902e+01
-1.481327251445777904e+01
-1.479554345166987694e+01
-1.477782580395336076e+01
-1.476011962386067289e+01
-1.474242662435367990e+01
-1.472474617154095711e+01
-1.470707818389729837e+01
-1.468942355572244729e+01
-1.467177940535047931e+01
-1.465415194855878767e+01
-1.463653885680981404e+01
-1.461894056503065364e+01
-1.460135702298106253e+01
-1.458378832258944335e+01
-1.456623536545970055e+01
-1.454869848973269342e+01
-1.453117774935626194e+01
-1.451367371029871123e+01
-1.449618716312421007e+01
-1.447871749873299940e+01
-1.446126562750357003e+01
-1.444383161442976338e+01
-1.442641552825946683e+01
-1.440901827686567671e+01
-1.439164049350766383e+01
-1.437428197704402244e+01
-1.435694333831800762e+01
-1.433962465011894238e+01
-1.432232599066143663e+01
-1.430504826120549033e+01
-1.428779154050721445e+01
-1.427055635870472017e+01
-1.425334353929579301e+01
-1.423615236881457768e+01
-1.421898380309960253e+01
-1.420183825825744250e+01
-1.418471556944608025e+01
-1.416761665337521414e+01
-1.415054178525903694e+01
-1.413349143782576611e+01
-1.411646593149422735e+01
-1.409946534648701011e+01
-1.408248976702123834e+01
-1.406554010563419688e+01
-1.404861644663574616e+01
-1.403171887724047728e+01
-1.401484885396493318e+01
-1.399800612035895142e+01
-1.398119056056406073e+01
-1.396440307755527854e+01
-1.394764349032267603e+01
-1.393091271219925353e+01
-1.391421082885764804e+01
-1.389753792341285532e+01
-1.388089561559163165e+01
-1.386428331889104548e+01
-1.384770078186778264e+01
-1.383114902730516249e+01
-1.381462888856851023e+01
-1.379813992145962942e+01
-1.378168303838859465e+01
-1.376525833165121782e+01
-1.374886653692446359e+01
-1.373250795516066525e+01
-1.371618264249948815e+01
-1.369989069796422676e+01
-1.368363302440734053e+01
-1.366740972012228283e+01
-1.365122088878113615e+01
-1.363506742480076106e+01
-1.361894984176433177e+01
-1.360286805414623856e+01
-1.358682273253957540e+01
-1.357081369992061504e+01
-1.355484187636491988e+01
-1.353890735196686101e+01
-1.352301022750233983e+01
-1.350715140510986068e+01
-1.349133100049232148e+01
-1.347554964705505576e+01
-1.345980748023479023e+01
-1.344410505028852398e+01
-1.342844221906299573e+01
-1.341281987637260897e+01
-1.339723812601707387e+01
-1.338169707535642061e+01
-1.336619760831271364e+01
-1.335073987875419554e+01
-1.333532446167352603e+01
-1.331995171385239196e+01
-1.330462174449495194e+01
-1.328933466312513367e+01
-1.327409134510421573e+01
-1.325889189832442838e+01
-1.324373642094698234e+01
-1.322862580826650536e+01
-1.321356015682844465e+01
-1.319853997133240675e+01
-1.318356584617183458e+01
-1.316863776293463317e+01
-1.315375583046733610e+01
-1.313896422061024971e+01
-1.312422190090610385e+01
-1.310948266236172621e+01
-1.309479147040951297e+01
-1.308014843321212872e+01
-1.306555366298403520e+01
-1.305099926722567183e+01
-1.303641593686235467e+01
-1.302196832587776854e+01
-1.300757179601975722e+01
-1.299322604190664343e+01
-1.297892948410806646e+01
-1.296468422091853334e+01
-1.295049036684209831e+01
-1.293634802493362734e+01
-1.292225768665471008e+01
-1.290822053406249914e+01
-1.289423604879047325e+01
-1.288030497308839450e+01
-1.286642741630592823e+01
-1.285260349104443378e+01
-1.283883402140350505e+01
-1.282511911885675460e+01
-1.281145889791342363e+01
-1.279785417499722122e+01
-1.278430506191458882e+01
-1.277081192482107674e+01
-1.275737521833982235e+01
-1.274399526199390564e+01
-1.273067242703890578e+01
-1.271740669424528392e+01
-1.270419885775408275e+01
-1.269104903268259221e+01
-1.267795734041954425e+01
-1.266492456129612165e+01
-1.265195081440275260e+01
-1.263903620683200124e+01
-1.262618153810705834e+01
-1.261338714958679041e+01
-1.260065302624757777e+01
-1.258797983786220165e+01
-1.257536759058545250e+01
-1.256281638099764564e+01
-1.255032733197484873e+01
-1.253790032427657408e+01
-1.252553547447906368e+01
-1.251323354209157301e+01
-1.250099464046999742e+01
-1.248881888792543116e+01
-1.247670526313447503e+01
-1.246465754107618551e+01
-1.245267434525259453e+01
-1.244075560194552388e+01
-1.242890204521718900e+01
-1.241711356584730197e+01
-1.240539034639337679e+01
-1.239373367604311227e+01
-1.238214326962120815e+01
-1.237061924175181638e+01
-1.235916231903382112e+01
-1.234777261272752469e+01
-1.233645023452865885e+01
-1.232519590798424858e+01
-1.231400989817888814e+01
-1.230289226538744352e+01
-1.229184360735584747e+01
-1.228086403934726256e+01
-1.226995368026671329e+01
-1.225911321838698242e+01
-1.224834277078243971e+01
-1.223764264374520394e+01
-1.222701295776792918e+01
-1.221645438808614514e+01
-1.220596705153848127e+01
-1.219555106969416514e+01
-1.218520710610862601e+01
-1.217493527866844083e+01
-1.216473583336737718e+01
-1.215460938648098299e+01
-1.214455596428839890e+01
-1.213457568882052051e+01
-1.212466920338649778e+01
-1.211483656170656431e+01
-1.210507807949087855e+01
-1.209539402113976969e+01
-1.208578492425160889e+01
-1.207625089850920119e+01
-1.206679206492700374e+01
-1.205740904590819795e+01
-1.204810195860469157e+01
-1.203887092459905439e+01
-1.202971655514836691e+01
-1.202063900113585326e+01
-1.201163848740973883e+01
-1.200271547259795568e+01
-1.199387007614037159e+01
-1.198510257597064665e+01
-1.197641309747218408e+01
-1.196780222082270129e+01
-1.195927006749521304e+01
-1.195081676460262265e+01
-1.194244287922090031e+01
-1.193414853346673254e+01
-1.192593385715817966e+01
-1.191779940230852652e+01
-1.190974529425146500e+01
-1.190177179958333120e+01
-1.189387903875924479e+01
-1.188606756771429218e+01
-1.187833750992301596e+01
-1.187068907679796226e+01
-1.186312236179527702e+01
-1.185563823120273597e+01
-1.184823634982167029e+01
-1.184091730288618827e+01
-1.183368121399802320e+01
-1.182652833837388506e+01
-1.181945880610285116e+01
-1.181247312038800246e+01
-1.180557140610202005e+01
-1.179875379538366253e+01
-1.179202077761298817e+01
-1.178537248028965756e+01
-1.177880903636154919e+01
-1.177233092205355725e+01
-1.176593826626918826e+01
-1.175963117063563068e+01
-1.175341004063783146e+01
-1.174727522463603790e+01
-1.174122687083033867e+01
-1.173526511958625562e+01
-1.172939037601147660e+01
-1.172360276947236102e+01
-1.171790253567956164e+01
-1.171228980653961216e+01
-1.170676502276096898e+01
-1.170132831177068233e+01
-1.169597981118120344e+01
-1.169071994021589234e+01
-1.168554883216352813e+01
-1.168046662570437633e+01
-1.167547369824732151e+01
-1.167057022069446326e+01
-1.166575643328581435e+01
-1.166103245418182155e+01
-1.165639867024249199e+01
-1.165185521892832732e+01
-1.164740224381626987e+01
-1.164304011747676348e+01
-1.163876897938135002e+01
-1.163458904579034403e+01
-1.163050046296436513e+01
-1.162650358443572784e+01
-1.162259859004724483e+01
-1.161878558864241917e+01
-1.161506491834900068e+01
-1.161143671109017816e+01
-1.160790113125209011e+01
-1.160445845372706231e+01
-1.160110893693618728e+01
-1.159785272221668961e+01
-1.159468995957789694e+01
-1.159162096121985286e+01
-1.158864587299800242e+01
-1.158576489534623910e+01
-1.158297818149643454e+01
-1.158028602367827808e+01
-1.157768857097978099e+01
-1.157518597891568213e+01
-1.157277852503789184e+01
-1.157046636072457169e+01
-1.156824967855007991e+01
-1.156612862801160801e+01
-1.156410348215944062e+01
-1.156217439366311872e+01
-1.156034151917313935e+01
-1.155860510202475311e+01
-1.155696529897927682e+01
-1.155542229480312244e+01
-1.155397625392055438e+01
-1.155262739921202630e+01
-1.155137589100777973e+01
-1.155022189450040671e+01
-1.154916562140095948e+01
-1.154820723352427869e+01
-1.154734690515471840e+01
-1.154658480392304298e+01
-1.154592112327114073e+01
-1.154535602752984680e+01
-1.154488969484557792e+01
-1.154452228780273870e+01
-1.154425397931724362e+01
-1.154408493864156426e+01
-1.154401534036840005e+01
-1.154404534114270042e+01
-1.154417511126316676e+01
-1.154440482780635513e+01
-1.154473463236703346e+01
-1.154516469789497179e+01
-1.154569518608482781e+01
-1.154632627747490048e+01
-1.154705809365685454e+01
-1.154789081105818127e+01
-1.154882458702803127e+01
-1.154985960557049829e+01
-1.155099598086396107e+01
-1.155223388112883676e+01
-1.155357347958802272e+01
-1.155501487549350159e+01
-1.155655825131149683e+01
-1.155820375682936429e+01
-1.155995158344119567e+01
-1.156180179543848219e+01
-1.156375458010626822e+01
-1.156581013132233338e+01
-1.156796849862987919e+01
-1.157022987180701534e+01
-1.157259439313313010e+01
-1.157506226014149853e+01
-1.157763350231757116e+01
-1.158030831307354447e+01
-1.158308683042256604e+01
-1.158596934388441291e+01
-1.158895571340482711e+01
-1.159204617158640538e+01
-1.159524094814290507e+01
-1.159854003691994606e+01
-1.160194363800838069e+01
-1.160545188199880862e+01
-1.160906497691127903e+01
-1.161278289622206827e+01
-1.161660584315977118e+01
-1.162053394541086426e+01
-1.162456741384171544e+01
-1.162870620246825126e+01
-1.163295051862007945e+01
-1.163730057810829699e+01
-1.164175631678904388e+01
-1.164631794637294782e+01
-1.165098558589955502e+01
-1.165575951506111529e+01
-1.166063953233657280e+01
-1.166562590797131982e+01
-1.167071875924685997e+01
-1.167591831150137693e+01
-1.168122445649916230e+01
-1.168663741550584056e+01
-1.169215729923912406e+01
-1.169778432961985004e+01
-1.170351838415144030e+01
-1.170935968975685171e+01
-1.171530847932323383e+01
-1.172136460738457409e+01
-1.172752830376846767e+01
-1.173379967151110748e+01
-1.174017894744366863e+01
-1.174666596636317273e+01
-1.175326096800846187e+01
-1.175996426435840014e+01
-1.176677565100782985e+01
-1.177369516785641856e+01
-1.178072305204160308e+01
-1.178785939891399792e+01
-1.179510445196716795e+01
-1.180245800810862100e+01
-1.180992030688831562e+01
-1.181749160305111701e+01
-1.182517166212423909e+01
-1.183296073467460374e+01
-1.184085890896034421e+01
-1.184886644651096788e+01
-1.185698308717122806e+01
-1.186520908829925247e+01
-1.187354453410969413e+01
-1.188198968468543804e+01
-1.189054427102034595e+01
-1.189920867031122143e+01
-1.190798270491913868e+01
-1.191686677669459371e+01
-1.192586059055382108e+01
-1.193496440939985348e+01
-1.194417830945049630e+01
-1.195350256149783341e+01
-1.196293685061982259e+01
-1.197248144364798250e+01
-1.198213596765173605e+01
-1.199190141114910269e+01
-1.200177741636948880e+01
-1.201176401028167540e+01
-1.202186147130380256e+01
-1.203206944851287297e+01
-1.204238821640549162e+01
-1.205281784035577886e+01
-1.206335860110871572e+01
-1.207401013128558631e+01
-1.208477270778495694e+01
-1.209564638853255047e+01
-1.210663148198823791e+01
-1.211772756471563106e+01
-1.212893493386905597e+01
-1.214025364705497623e+01
-1.215168400615441868e+01
-1.216322557843027674e+01
-1.217487866177888911e+01
-1.218664330996108802e+01
-1.219851982715777439e+01
-1.221050776442862507e+01
-1.222260742207137341e+01
-1.223481885002686198e+01
-1.224710074952778882e+01
-1.225950961797233596e+01
-1.227209900373779483e+01
-1.228478349652869106e+01
-1.229755529687276194e+01
-1.231043868522440832e+01
-1.232343382433683843e+01
-1.233654109915087815e+01
-1.234976082721812674e+01
-1.236309102135862936e+01
-1.237653355821770873e+01
-1.239008994618665938e+01
-1.240375838646221318e+01
-1.241753919568252051e+01
-1.243143240971078356e+01
-1.244543835444786417e+01
-1.245955648389653270e+01
-1.247378712019619407e+01
-1.248813029552139220e+01
-1.250258636351249564e+01
-1.251715471214565589e+01
-1.253183569084092674e+01
-1.254662932811496567e+01
-1.256153597021950752e+01
-1.257655512520827656e+01
-1.259168729610211734e+01
-1.260693183404600504e+01
-1.262228948702890463e+01
-1.263775962507220108e+01
-1.265334259592054877e+01
-1.266903842086601095e+01
-1.268484745563102756e+01
-1.270076905092830621e+01
-1.271680355763857406e+01
-1.273295096378580915e+01
-1.274921156329857475e+01
-1.276558478154949050e+01
-1.278207097486636812e+01
-1.279867015741815983e+01
-1.281538269399897167e+01
-1.283220789589466193e+01
-1.284914612426650038e+01
-1.286619738978382443e+01
-1.288336205952623281e+01
-1.290063961129985692e+01
-1.291803011248182820e+01
-1.293553361628683795e+01
-1.295315057046139984e+01
-1.297088023666916712e+01
-1.298872299046241174e+01
-1.300667883561161098e+01
-1.302474818137673829e+01
-1.304293021954427090e+01
-1.306122535528170836e+01
-1.307963358896219219e+01
-1.309815492011485460e+01
-1.311678974526936692e+01
-1.313553726611708328e+01
-1.315439788023731893e+01
-1.317337158153995880e+01
-1.319245877524689625e+01
-1.321165863798617401e+01
-1.323097157143601521e+01
-1.325039756845228034e+01
-1.326993711297018130e+01
-1.328958981141136597e+01
-1.330935494567926725e+01
-1.332923310671756134e+01
-1.334922455514586659e+01
-1.336932851996761151e+01
-1.338954547147434404e+01
-1.340987539597088407e+01
-1.343031871199091221e+01
-1.345087453995941118e+01
-1.347154329499880276e+01
-1.349232496020367122e+01
-1.351321995454848057e+01
-1.353422738787727120e+01
-1.355534767587523781e+01
-1.357658079846374122e+01
-1.359792719489374591e+01
-1.361938592458217734e+01
-1.364095742390062505e+01
-1.366264167034076671e+01
-1.368443913297918613e+01
-1.370634888869062351e+01
-1.372837139589108979e+01
-1.375050638106013423e+01
-1.377275446572106610e+01
-1.379511466222933969e+01
-1.381758742100603321e+01
-1.384017271267650173e+01
-1.386287050710633117e+01
-1.388568126759901133e+01
-1.390860381568689519e+01
-1.393163863656593371e+01
-1.395478582765020192e+01
-1.397804585559813084e+01
-1.400141768633700856e+01
-1.402490178329663451e+01
-1.404849811033345297e+01
-1.407220713842091797e+01
-1.409602781593953225e+01
-1.411996061067916663e+01
-1.414400548355821918e+01
-1.416816291117321391e+01
-1.419243181972319512e+01
-1.421681302882923426e+01
-1.424130630933120756e+01
-1.426591147523138581e+01
-1.429062795298484367e+01
-1.431545621504657184e+01
-1.434039621657228381e+01
-1.436544791200816462e+01
-1.439061180529802009e+01
-1.441588675106145878e+01
-1.444127316228287938e+01
-1.446677079757306394e+01
-1.449238046897860421e+01
-1.451810095822455260e+01
-1.454393279793988114e+01
-1.456987593696444350e+01
-1.459593089136330946e+01
-1.462209647435022930e+01
-1.464837319903594448e+01
-1.467476101152201551e+01
-1.470126043747183431e+01
-1.472787026283833001e+01
-1.475459101024108044e+01
-1.478142275791799598e+01
-1.480836543646456427e+01
-1.483541919250880703e+01
-1.486258305376849798e+01
-1.488985754600402167e+01
-1.491724261252154626e+01
-1.494473878542720691e+01
-1.497234463832034024e+01
-1.500006061767985344e+01
-1.502788691804795995e+01
-1.505582407909948195e+01
-1.508387083283505525e+01
-1.511202771604882145e+01
-1.514029466361563614e+01
-1.516867160977183993e+01
-1.519715909280930077e+01
-1.522575583773703300e+01
-1.525446238014734313e+01
-1.528327865174712130e+01
-1.531220522218489855e+01
-1.534124074669382054e+01
-1.537038579176866016e+01
-1.539964028662513584e+01
-1.542900493716809152e+01
-1.545847904780311666e+01
-1.548806128517670366e+01
-1.551775234565913308e+01
-1.554755248736720041e+01
-1.557746229382719605e+01
-1.560748037541721978e+01
-1.563760731303050555e+01
-1.566784302662799178e+01
-1.569818811563538219e+01
-1.572864116289152037e+01
-1.575920275754734767e+01
-1.578987282097136990e+01
-1.582065194989525025e+01
-1.585153871409767845e+01
-1.588253370765598937e+01
-1.591363684960698421e+01
-1.594484805841053365e+01
-1.597616793585941330e+01
-1.600759468496453763e+01
-1.603912902489826209e+01
-1.607077109407919124e+01
-1.610252149981046443e+01
-1.613437877516340535e+01
-1.616634376775927606e+01
-1.619841603579380873e+01
-1.623059616437440056e+01
-1.626288281691853399e+01
-1.629527659617001589e+01
-1.632777741383718251e+01
-1.636038518108192363e+01
-1.639310053302274994e+01
-1.642592193245272014e+01
-1.645885001169104100e+01
-1.649188467973613115e+01
-1.652502602525980535e+01
-1.655827295401751797e+01
-1.659162619113703485e+01
-1.662508564212460982e+01
-1.665865121303569296e+01
-1.669232355890363806e+01
-1.672610108784637006e+01
-1.675998445258858283e+01
-1.679397355739025954e+01
-1.682806906850061779e+01
-1.686226936555684475e+01
-1.689657511237079390e+01
-1.693098636793245149e+01
-1.696550378645422796e+01
-1.700012595421548056e+01
-1.703485180926043796e+01
-1.706968261412838928e+01
-1.710461826852975875e+01
-1.713965944585465806e+01
-1.717480449777988483e+01
-1.721005409541221809e+01
-1.724540813650381210e+01
-1.728086651832272480e+01
-1.731642991973202328e+01
-1.735209667415542256e+01
-1.738786745822287827e+01
-1.742374216728994085e+01
-1.745972148008590707e+01
-1.749580367211050103e+01
-1.753198876443747878e+01
-1.756827734608708980e+01
-1.760466932136773721e+01
-1.764116538453767546e+01
-1.767776381661701635e+01
-1.771446531352761511e+01
-1.775126976645492860e+01
-1.778817794833995336e+01
-1.782518817161480484e+01
-1.786230121067019638e+01
-1.789951638865593253e+01
-1.793683397191950846e+01
-1.797425469273937182e+01
-1.801177624693895396e+01
-1.804939955335069968e+01
-1.808712481018196883e+01
-1.812495275975802045e+01
-1.816288157856442709e+01
-1.820091200683025079e+01
-1.823904393005598124e+01
-1.827727723332077403e+01
-1.831561266175602043e+01
-1.835404837981798920e+01
-1.839258513064837430e+01
-1.843122279766783222e+01
-1.846996213013108346e+01
-1.850880066054740070e+01
-1.854773949202258976e+01
-1.858677954735615501e+01
-1.862591884633303252e+01
-1.866515884173308848e+01
-1.870449804327659393e+01
-1.874393720311460143e+01
-1.878347619920413791e+01
-1.882311491111075696e+01
-1.886285409679642200e+01
-1.890269187855579602e+01
-1.894262901253491904e+01
-1.898266512696866215e+01
-1.902280054508679896e+01
-1.906303406121029909e+01
-1.910336643309883442e+01
-1.914379753732432832e+01
-1.918432725009396123e+01
-1.922495643010348587e+01
-1.926568298960145853e+01
-1.930650778413950519e+01
-1.934743068849546432e+01
-1.938845157709526035e+01
-1.942957126885200125e+01
-1.947078750222943100e+01
-1.951210059674426844e+01
-1.955351116326314198e+01
-1.959502002291189982e+01
-1.963662515222349469e+01
-1.967832737062977344e+01
-1.972013636769238687e+01
-1.976204392867394333e+01
-1.980403838132321681e+01
-1.984612856269669479e+01
-1.988831548644101943e+01
-1.993059831239351709e+01
-1.997297670634373290e+01
-2.001545169359327758e+01
-2.005802163895708290e+01
-2.010068737031946640e+01
-2.014344875599536877e+01
-2.018630662761785644e+01
-2.022925892652416735e+01
-2.027230648284504611e+01
-2.031544916368032361e+01
-2.035868683583270311e+01
-2.040202033859753783e+01
-2.044544727292819530e+01
-2.048896801956642832e+01
-2.053258321522341134e+01
-2.057629272525354480e+01
-2.062009737726580738e+01
-2.066399511158575919e+01
-2.070798675464158833e+01
-2.075207217067119458e+01
-2.079625122364035761e+01
-2.084052484437485830e+01
-2.088489076424345114e+01
-2.092934957554962239e+01
-2.097390066266499176e+01
-2.101854704191825718e+01
-2.106328422209924511e+01
-2.110811372310935852e+01
-2.115303575680802695e+01
-2.119805018482215786e+01
-2.124315790739315801e+01
-2.128835670791981727e+01
-2.133364748445037762e+01
-2.137903010174815321e+01
-2.142450373136273711e+01
-2.147006945343252582e+01
-2.151572553869949189e+01
-2.156147289596428251e+01
-2.160731138471761525e+01
-2.165324086422518590e+01
-2.169926224663069192e+01
-2.174537328528667857e+01
-2.179157489115821988e+01
-2.183786692263459983e+01
-2.188425015573188759e+01
-2.193306755135077069e+01
-2.197981435826070395e+01
-2.202466351753587759e+01
-2.207067437543287625e+01
-2.211750576394776502e+01
-2.216442551075874334e+01
-2.221143453624280539e+01
-2.225853284867705995e+01
-2.230572057727416890e+01
-2.235299762504179455e+01
-2.240036117390231141e+01
-2.244781312866759393e+01
-2.249535349215387114e+01
-2.254298211983463318e+01
-2.259069999001880902e+01
-2.263850471326843206e+01
-2.268639726610538432e+01
-2.273437750331849116e+01
-2.278244527839708411e+01
-2.283060162350069078e+01
-2.287884285705390042e+01
-2.292717102690014741e+01
-2.297558614607596184e+01
-2.302408806842521827e+01
-2.307267777627631489e+01
-2.312135286628036113e+01
-2.317011432008379046e+01
-2.321896199094565816e+01
-2.326789573198455230e+01
-2.331691642909877515e+01
-2.336602047689790851e+01
-2.341521014683172552e+01
-2.346448529149195394e+01
-2.351384576334277554e+01
-2.356329256041206932e+01
-2.361282392516367068e+01
-2.366244065302099031e+01
-2.371214094159487473e+01
-2.376192696747470379e+01
-2.381179560724416433e+01
-2.386174777319045148e+01
-2.391178407528702365e+01
-2.396190436496997478e+01
-2.401210964651777502e+01
-2.406239746573410088e+01
-2.411276882623091566e+01
-2.416322357904907392e+01
-2.421376157513575933e+01
-2.426438376151613241e+01
-2.431508631306904178e+01
-2.436587165366513474e+01
-2.441673963391468760e+01
-2.446769010179319181e+01
-2.451872407390479225e+01
-2.456983907641390985e+01
-2.462103612022801258e+01
-2.467231505557827020e+01
-2.472367573262750184e+01
-2.477511811618063930e+01
-2.482664029614404555e+01
-2.487824376146473782e+01
-2.492992836206746077e+01
-2.498169394782045316e+01
-2.503354159900518283e+01
-2.508546887214926713e+01
-2.513747699468092733e+01
-2.518956501381494562e+01
-2.524173221661527933e+01
-2.529398021379364891e+01
-2.534630690103781347e+01
-2.539871336421644088e+01
-2.545119945280864471e+01
-2.550376501626047343e+01
-2.555641114244383161e+01
-2.560913520415777000e+01
-2.566193828889002759e+01
-2.571481909982019687e+01
-2.576777815986233122e+01
-2.582081702611369067e+01
-2.587393306487829747e+01
-2.592712736677745866e+01
-2.598039978108105430e+01
-2.603375015704853368e+01
-2.608717958621891597e+01
-2.614068543349458906e+01
-2.619426731233310335e+01
-2.624792636590767003e+01
-2.630166261335979883e+01
-2.635547716592158451e+01
-2.640936737215012542e+01
-2.646333432771680805e+01
-2.651737788191162082e+01
-2.657149788403737034e+01
-2.662569506120672003e+01
-2.667996580853226973e+01
-2.673431406217177653e+01
-2.678873715069091688e+01
-2.684323539884245946e+01
-2.689780918496144579e+01
-2.695245971078300329e+01
-2.700718412299281468e+01
-2.706198362170406924e+01
-2.711685693080065462e+01
-2.717180440961361043e+01
-2.722682788700264922e+01
-2.728192447480197913e+01
-2.733709539111347553e+01
-2.739234048572669167e+01
-2.744765960848013719e+01
-2.750305392799239002e+01
-2.755852028549662691e+01
-2.761405881356732550e+01
-2.766967076341212106e+01
-2.772535598515283439e+01
-2.778111566234912289e+01
-2.783694697866653911e+01
-2.789285111761014946e+01
-2.794882792955583994e+01
-2.800487726494875318e+01
-2.806099870037554922e+01
-2.811719081266499032e+01
-2.817345499399651132e+01
-2.822979109512260720e+01
-2.828619896522360833e+01
-2.834267978950794742e+01
-2.839923090271009087e+01
-2.845585394947688940e+01
-2.851254616888816429e+01
-2.856930879342089113e+01
-2.862614362472269391e+01
-2.868304784333617974e+01
-2.874002263624762321e+01
-2.879706785509798550e+01
-2.885418335162620451e+01
-2.891136897767097480e+01
-2.896862486689510519e+01
-2.902594841232200551e+01
-2.908334163733606914e+01
-2.914080439420908419e+01
-2.919833653532148077e+01
-2.925593926308529902e+01
-2.931360973039268458e+01
-2.937134913975424055e+01
-2.942915629838769576e+01
-2.948703121816602746e+01
-2.954497614047621923e+01
-2.960298790553613912e+01
-2.966106787211634810e+01
-2.971921589367901007e+01
-2.977743182381398412e+01
-2.983571692996353875e+01
-2.989406701145832201e+01
-2.995248382082534988e+01
-3.001096794848258753e+01
-3.006951924869544257e+01
-3.012813899912280391e+01
-3.018682484420644840e+01
-3.024557840434097855e+01
-3.030439692233562354e+01
-3.036328029066446987e+01
-3.042222955023810371e+01
-3.048124637337618026e+01
-3.054032778482219967e+01
-3.059947506250493632e+01
-3.065868805753479975e+01
-3.071796662579596671e+01
-3.077731192666798066e+01
-3.083671917299610499e+01
-3.089619155531804751e+01
-3.095572893016475291e+01
-3.101533115422871134e+01
-3.107499950504818997e+01
-3.113473099804091149e+01
-3.119452691130557653e+01
-3.125438626686018040e+01
-3.131430851989740916e+01
-3.137429476002152029e+01
-3.143434627272460347e+01
-3.149446006066966675e+01
-3.155463740986102295e+01
-3.161487817870424522e+01
-3.167518222578298648e+01
-3.173554906414977239e+01
-3.179597713420127292e+01
-3.185646805361481881e+01
-3.191702168171261889e+01
-3.197763787800201385e+01
-3.203831803091545538e+01
-3.209905901441490528e+01
-3.215986204509879087e+01
-3.222072500387605487e+01
-3.228164979003096846e+01
-3.234263629983362165e+01
-3.240368596800229994e+01
-3.246479550900770761e+01
-3.252596635682947124e+01
-3.258719837290843202e+01
-3.264848943803924897e+01
-3.270984269643903986e+01
-3.277125520242249479e+01
-3.283272832005037145e+01
-3.289426191284616863e+01
-3.295585584122476064e+01
-3.301751148222324872e+01
-3.307922442836972721e+01
-3.314099633509699316e+01
-3.320282802462766369e+01
-3.326471936068104895e+01
-3.332667020718877637e+01
-3.338868193650837668e+01
-3.345075139616228199e+01
-3.351287932203246811e+01
-3.357506461711097501e+01
-3.363730874005614169e+01
-3.369961306510779053e+01
-3.376197443930715991e+01
-3.382439423773276843e+01
-3.388687232628008417e+01
-3.394940840277511285e+01
-3.401200191013823115e+01
-3.407465179429986080e+01
-3.413735942901801224e+01
-3.420012573769763975e+01
-3.426294986480570515e+01
-3.432582993515151060e+01
-3.438876873486857022e+01
-3.445176098096873574e+01
-3.451481001368127721e+01
-3.457791586576723830e+01
-3.464107840587394804e+01
-3.470429899452896905e+01
-3.476757281554265688e+01
-3.483089593187261102e+01
-3.489428232985105893e+01
-3.495772439940254372e+01
-3.502122236655050358e+01
-3.508477779574216271e+01
-3.514838717164407456e+01
-3.521205205710099051e+01
-3.527577232322973089e+01
-3.533954589630825893e+01
-3.540337578856060219e+01
-3.546725905906004783e+01
-3.553132832162662424e+01
-3.559545949628274997e+01
-3.565942548666664180e+01
-3.572333949048600488e+01
-3.578749533384141301e+01
-3.585170347803090607e+01
-3.591596571745039057e+01
-3.598028192595697305e+01
-3.604465197765554052e+01
-3.610907734348911191e+01
-3.617355470433647469e+01
-3.623808321775631214e+01
-3.630266496788107844e+01
-3.636729993050096255e+01
-3.643198888733539320e+01
-3.649673272696502835e+01
-3.656152656467320128e+01
-3.662637285228398554e+01
-3.669126955615106311e+01
-3.675621872529272594e+01
-3.682122182769826679e+01
-3.688627555851523709e+01
-3.695138138689123508e+01
-3.701653882832389542e+01
-3.708174465418088772e+01
-3.714700305231665567e+01
-3.721231354295002092e+01
-3.727767517652278428e+01
-3.734308817175926265e+01
-3.740855240802767412e+01
-3.747406776495451197e+01
-3.753963427629123117e+01
-3.760524901182119351e+01
-3.767091450357233384e+01
-3.773663063222591063e+01
-3.780239727872294253e+01
-3.786821432426656031e+01
-3.793408320037028858e+01
-3.800000210069606510e+01
-3.806597076990474449e+01
-3.813198947694113627e+01
-3.819804420556864244e+01
-3.826416253233150400e+01
-3.833033225613954187e+01
-3.839654893322821749e+01
-3.846281307360265345e+01
-3.852912642796637499e+01
-3.859548890969836066e+01
-3.868225399876797610e+01
-3.874605733873980995e+01
-3.879487437044198828e+01
-3.886143042228094657e+01
-3.892803418328222165e+01
-3.899468620216345016e+01
-3.906138824203478777e+01
-3.912813654313821132e+01
-3.919493294269918238e+01
-3.926177710078086847e+01
-3.932866680567737205e+01
-3.939560441061822615e+01
-3.946257702234260023e+01
-3.952960969012041659e+01
-3.959668975502867738e+01
-3.966381679849777697e+01
-3.973098965453346665e+01
-3.979821041846444984e+01
-3.986547596845824870e+01
-3.993278866675628791e+01
-4.000014810375034813e+01
-4.006755383186894193e+01
-4.013500598210728043e+01
-4.020250406344863592e+01
-4.027004632945214269e+01
-4.033763493503500541e+01
-4.040526946426816579e+01
-4.047294966287471141e+01
-4.054067598324407129e+01
-4.060844799070372346e+01
-4.067626317431562910e+01
-4.074412375357420046e+01
-4.081201487793917693e+01
-4.087996632743566749e+01
-4.094796484032436013e+01
-4.101600530665245969e+01
-4.108408926668376182e+01
-4.115221812335268936e+01
-4.122039218657620552e+01
-4.128860484851192325e+01
-4.135686960381077171e+01
-4.142517658804221981e+01
-4.149352561937741513e+01
-4.156191893837027607e+01
-4.163035629123589842e+01
-4.169883756754616400e+01
-4.176736452001564714e+01
-4.183593341109869357e+01
-4.190454401109526827e+01
-4.197319761591395348e+01
-4.204189486549718424e+01
-4.211063560416677376e+01
-4.217940603848605008e+01
-4.224823323086289406e+01
-4.231710213974510992e+01
-4.238601266811014057e+01
-4.245496605371099719e+01
-4.252396420879619399e+01
-4.259300317713029926e+01
-4.266208476095682300e+01
-4.273120798672947274e+01
-4.280037168450439822e+01
-4.286957764579369012e+01
-4.293882777630133063e+01
-4.300811810146484504e+01
-4.307744992405205409e+01
-4.314682353319566488e+01
-4.321623643663233594e+01
-4.328569074533692884e+01
-4.335518892602956242e+01
-4.342472675596560805e+01
-4.349430593681754686e+01
-4.356391068417863721e+01
-4.363356971466268419e+01
-4.370326960877629574e+01
-4.377301425941929836e+01
-4.384279779021274948e+01
-4.391262070177802457e+01
-4.398248413283909741e+01
-4.405238600069019839e+01
-4.412232811506729746e+01
-4.419231256842464717e+01
-4.426233522593079073e+01
-4.433239846813923890e+01
-4.440250192719486932e+01
-4.447264280807891623e+01
-4.454282492906336444e+01
-4.461304518214828363e+01
-4.468330515132296199e+01
-4.475360479151017756e+01
-4.482393892324614626e+01
-4.489431560625367723e+01
-4.496473305245940821e+01
-4.503517133243042991e+01
-4.510566550887021720e+01
-4.517619890551800665e+01
-4.524677144159397812e+01
-4.531738051894563313e+01
-4.538802974103744248e+01
-4.545871586277872467e+01
-4.552944083361200001e+01
-4.560020439308544127e+01
-4.567100639656271710e+01
-4.574184437563785366e+01
-4.581272236661284580e+01
-4.588363665098249555e+01
-4.595458888037185119e+01
-4.602557903142902518e+01
-4.609660727743882092e+01
-4.616767073022298007e+01
-4.623877365598568190e+01
-4.630991228066816490e+01
-4.638108870233552494e+01
-4.645230309933678825e+01
-4.652355572384315252e+01
-4.659482446468084049e+01
-4.666614973798938593e+01
-4.673750996301666305e+01
-4.680890760875448109e+01
-4.688034210572918425e+01
-4.695181282128787359e+01
-4.702331826313078977e+01
-4.709486263858063637e+01
-4.716644126858098218e+01
-4.723805678570832356e+01
-4.730970892433699504e+01
-4.738139634302383030e+01
-4.745311832873869662e+01
-4.752487837093723044e+01
-4.759667255860990309e+01
-4.766850267010428865e+01
-4.774036910026967462e+01
-4.781226981325133352e+01
-4.788420489522524548e+01
-4.795617782224037029e+01
-4.802818482290117430e+01
-4.810020977781457674e+01
-4.817228765066815299e+01
-4.824439858544182869e+01
-4.831654455319242913e+01
-4.838872780885149183e+01
-4.846094408303630274e+01
-4.853319549487084572e+01
-4.860547804905647951e+01
-4.867779675802154316e+01
-4.875015005693151693e+01
-4.882254020625955349e+01
-4.889496330894746023e+01
-4.896742120990250413e+01
-4.903991289180478930e+01
-4.911243647735201279e+01
-4.918499441829969498e+01
-4.925758894224073714e+01
-4.933021647491091244e+01
-4.940287957837889365e+01
-4.947557275254786902e+01
-4.954829881436919692e+01
-4.962105904145052904e+01
-4.969385523225892598e+01
-4.976666477842969982e+01
-4.983952625296214478e+01
-4.991241878012937860e+01
-4.998534461456721090e+01
-5.005830385764652846e+01
-5.013129860732782817e+01
-5.020432466496775703e+01
-5.027738331035710928e+01
-5.035047275599842465e+01
-5.042359535601885057e+01
-5.049675106651121581e+01
-5.056994198501058690e+01
-5.064316339335744743e+01
-5.071641583813679688e+01
-5.078969978768459725e+01
-5.086301612004459827e+01
-5.093636546184605152e+01
-5.100974942486139696e+01
-5.108316320519166709e+01
-5.115660682672371706e+01
-5.123008289397204607e+01
-5.130359105331134373e+01
-5.137711299966007061e+01
-5.145068778569803669e+01
-5.152429092817873624e+01
-5.159792435072859007e+01
-5.167158987713998641e+01
-5.174528722266012437e+01
-5.181901640283957278e+01
-5.189277922106384011e+01
-5.196656866423382581e+01
-5.204038959756695704e+01
-5.211424207020115063e+01
-5.218812573996497406e+01
-5.226204096188122605e+01
-5.233598820375323868e+01
-5.240996348843953001e+01
-5.248396935295828314e+01
-5.255800581540243854e+01
-5.263207064157155912e+01
-5.270616924686687810e+01
-5.278029551900836225e+01
-5.285445471328444000e+01
-5.292864272271386028e+01
-5.300286144133551858e+01
-5.307711095242420640e+01
-5.315136998109506550e+01
-5.322567714126294902e+01
-5.330001680780497253e+01
-5.337438471412593799e+01
-5.344878299691860235e+01
-5.352321132046485985e+01
-5.359766661090703366e+01
-5.367215201780290101e+01
-5.374666975953324055e+01
-5.382121526269492051e+01
-5.389579069037818471e+01
-5.397039370593027030e+01
-5.404502537167842746e+01
-5.411968691504723949e+01
-5.419438015218477744e+01
-5.426910061533325802e+01
-5.434384962652507056e+01
-5.441862572417134913e+01
-5.449343130788593470e+01
-5.456826621152823265e+01
-5.464313249916407500e+01
-5.471802552038123935e+01
-5.479294529847966544e+01
-5.486787398052057796e+01
-5.494285100307212133e+01
-5.501785719472036362e+01
-5.509289238650304554e+01
-5.516795664683865397e+01
-5.524304612812354520e+01
-5.531816421761867275e+01
-5.539331090166853500e+01
-5.546848603131292066e+01
-5.554368942268061460e+01
-5.561892318910191335e+01
-5.569418099844846637e+01
-5.576946671894113194e+01
-5.584478077598159018e+01
-5.592012316598264476e+01
-5.599549052208737976e+01
-5.607088741739490700e+01
-5.614631040866266432e+01
-5.622176148954367392e+01
-5.629724047040816259e+01
-5.637274496409861513e+01
-5.644827610439186572e+01
-5.652383529740558288e+01
-5.659942446527659854e+01
-5.667501854821492202e+01
-5.675065924719518051e+01
-5.682632527143022116e+01
-5.690201747008025279e+01
-5.697773856627061662e+01
-5.705348880670223366e+01
-5.712926413578288276e+01
-5.720506356815106841e+01
-5.728089026301516640e+01
-5.735674413788879633e+01
-5.743262490925491903e+01
