5.066264999999999658e-02
5.004178000000000098e-02
2.336738000000000010e-02
4.144199999999999967e-02
1.922543999999999989e-02
9.775041999999999412e-03
6.205363999999999672e-03
8.090595999999999812e-04
5.615925999999999601e-04
-3.802478000000000195e-03
-9.156984999999999431e-03
1.298716999999999927e-02
-9.599913999999999323e-03
-2.812508000000000022e-03
-1.139379000000000043e-03
1.498943999999999971e-02
2.843619999999999828e-03
7.794472000000000206e-03
-5.772224000000000278e-03
2.288758000000000112e-02
1.257170999999999983e-02
2.764329999999999912e-02
2.940591000000000038e-02
4.126976000000000255e-02
2.519876000000000060e-02
2.853612999999999983e-02
3.866801999999999739e-02
1.650690000000000143e-02
-5.205867999999999780e-03
3.506806999999999980e-02
4.645918999999999743e-02
3.575280000000000125e-02
2.060015000000000110e-02
3.548275999999999947e-03
2.079757000000000133e-02
-4.139069000000000428e-03
4.561187999999999874e-03
1.068419999999999960e-02
2.671155999999999878e-02
3.331665999999999794e-02
-2.232755000000000156e-02
-1.065663000000000027e-02
3.711546000000000289e-02
1.568945000000000062e-02
-7.953402999999999515e-03
7.390791999999999761e-04
4.119633000000000322e-02
4.148679000000000255e-02
-7.629951999999999741e-03
3.419616000000000322e-02
-3.265069000000000304e-02
4.006905000000000189e-02
-2.361695000000000114e-02
3.002733999999999959e-02
-5.499282999999999949e-02
7.978148999999999658e-02
