3.471494507233552351e-02
4.727213130224135196e-02
4.371904038292979966e-02
3.124801711324305675e-02
1.850660400920645446e-02
1.005535243687524088e-02
6.069609008999892960e-03
4.651391806950939609e-03
4.042641707335779822e-03
3.487246708658134180e-03
2.989123893281802041e-03
2.723925476449939268e-03
2.722541495668426639e-03
2.886385199745760289e-03
3.112061447153160586e-03
3.417902909126671520e-03
3.850709043600161578e-03
4.451794940198843496e-03
5.233409618667266353e-03
6.177424528341363651e-03
7.275782746851902974e-03
8.518765425368989355e-03
9.905185747456867612e-03
1.143868962456714468e-02
1.312754148448792846e-02
1.496896161141160649e-02
1.694598420107722853e-02
1.909461032465517225e-02
