3.446207444266175673e-02
1.112189752891891564e-01
8.851919132360124010e-02
5.315059407294624172e-02
2.904669348191946544e-03
2.277479781003789033e-02
1.841665231777780271e-02
2.233300308253348757e-02
2.478876370064410709e-02
2.945877521727224835e-02
2.978401276090833494e-02
3.222956090857307526e-02
3.485032182941161932e-02
3.704638160315028295e-02
4.048527802909016732e-02
4.708807515639974045e-02
4.318335355905245088e-02
5.000011916441383236e-02
5.643231973601736673e-02
6.382779372037308829e-02
6.645493223416475137e-02
7.434530677547836197e-02
8.100637060488095897e-02
8.741524164367563132e-02
1.003061690624266755e-01
9.690204117572101539e-02
1.053280651755742620e-01
1.186511926610471362e-01
9.026371753718652469e-02
1.271750442603084841e-01
9.929728937008688860e-02
4.864730481507041626e-02
2.290987157637788124e-02
3.597130472002710300e-02
3.263443251761961178e-02
4.408935514414059897e-02
4.533021439046649309e-02
5.176674687790922685e-02
6.156331583844081023e-02
6.260676408742234245e-02
7.451248783533988285e-02
7.939824282702634406e-02
9.214044612160546266e-02
9.456128853107612087e-02
1.058437455032670838e-01
1.108907923630614301e-01
1.249182297574104594e-01
1.441455048679703699e-01
1.495587678931399878e-01
1.581855687485869133e-01
1.793606276592347726e-01
1.768361072514006149e-01
2.058827749641098104e-01
2.204680195580150937e-01
2.371741113544666157e-01
2.493357621549687764e-01
