2.581318999999999975e-02
1.004875000000000039e-02
5.772652000000000339e-02
6.216026999999999664e-02
-4.215596000000000274e-03
-1.863124999999999851e-02
1.728607000000000060e-02
3.919970999999999872e-02
1.615331999999999879e-02
-1.936758999999999920e-03
-1.487314999999999991e-02
2.942111999999999852e-02
3.496951000000000226e-02
-1.643282000000000076e-02
1.656463999999999853e-02
8.788674999999999959e-02
-6.419946999999999633e-03
-2.412063999999999875e-02
-6.300139000000000433e-02
7.594478000000000339e-02
-2.582867999999999969e-02
-1.495996999999999952e-02
-1.244127000000000011e-01
8.145371999999999335e-02
1.351105999999999974e-01
-6.089209999999999762e-02
7.247288999999999815e-02
9.048583999999999794e-02
