-11.38169292
-11.37531101
-11.36891200
-11.36249663
-11.35606473
-11.34961618
-11.34315194
-11.33667088
-11.33017453
-11.32366156
-11.31713298
-11.31058850
-11.30402804
-11.29745226
-11.29086046
-11.28425388
-11.27763172
-11.27099464
-11.26434168
-11.25767279
-11.25098957
-11.24429167
-11.23757884
-11.23085110
-11.22410898
-11.21735184
-11.21058064
-11.20379446
-11.19699459
-11.19017975
-11.18335164
-11.17650860
-11.16965242
-11.16278156
-11.15589756
-11.14899905
-11.14208767
-11.13516224
-11.12822393
-11.12127172
-11.11430668
-11.10732812
-11.10033682
-11.09333208
-11.08631486
-11.07928440
-11.07224176
-11.06518591
-11.05811802
-11.05103721
-11.04394453
-11.03683893
-11.02972166
-11.02259173
-11.01545068
-11.00829682
-11.00113193
-10.99395467
-10.98676630
-10.97956593
-10.97235439
-10.96513112
-10.95789693
-10.95065134
-10.94339462
-10.93612710
-10.92884829
-10.92155913
-10.91425857
-10.90694789
-10.89962601
-10.89229445
-10.88495199
-10.87759954
-10.87023663
-10.86286373
-10.85548082
-10.84808772
-10.84068517
-10.83327214
-10.82585028
-10.81841819
-10.81097708
-10.80352626
-10.79606615
-10.78859696
-10.78111811
-10.77363099
-10.76613416
-10.75862875
-10.75111445
-10.74359152
-10.73606011
-10.72851960
-10.72097152
-10.71341436
-10.70584937
-10.69827598
-10.69069434
-10.68310499
-10.67550719
-10.66790226
-10.66028911
-10.65266838
-10.64504024
-10.63740411
-10.62976123
-10.62211064
-10.61445273
-10.60678767
-10.59911532
-10.59143710
-10.58375176
-10.57605885
-10.56835953
-10.56065233
-10.55294007
-10.54522087
-10.53749522
-10.52976366
-10.52202528
-10.51428143
-10.50653125
-10.49877491
-10.49101321
-10.48324532
-10.47547182
-10.46769294
-10.45990792
-10.45211823
-10.44432252
-10.43652146
-10.42871595
-10.42090476
-10.41308885
-10.40526805
-10.39744204
-10.38961172
-10.38177663
-10.37393646
-10.36609263
-10.35824374
-10.35039061
-10.34253359
-10.33467208
-10.32680659
-10.31893739
-10.31106375
-10.30318683
-10.29530604
-10.28742129
-10.27953350
-10.27164201
-10.26374651
-10.25584873
-10.24794746
-10.24004270
-10.23213567
-10.22422521
-10.21631182
-10.20839613
-10.20047749
-10.19255606
-10.18463272
-10.17670650
-10.16877786
-10.16084748
-10.15291471
-10.14497971
-10.13704332
-10.12910458
-10.12116408
-10.11322227
-10.10527861
-10.09733318
-10.08938698
-10.08143899
-10.07348962
-10.06553932
-10.05758805
-10.04963537
-10.04168264
-10.03372869
-10.02577383
-10.01781880
-10.00986321
-10.00190677
-9.99395047
-9.98599397
-9.97803688
-9.97007998
-9.96212318
-9.95416640
-9.94620962
-9.93825377
-9.93029791
-9.92234234
-9.91438787
-9.90643396
-9.89848042
-9.89052816
-9.88257683
-9.87462636
-9.86667686
-9.85872884
-9.85078208
-9.84283655
-9.83489299
-9.82695096
-9.81901024
-9.81107158
-9.80313502
-9.79520005
-9.78726698
-9.77933661
-9.77140833
-9.76348201
-9.75555841
-9.74763731
-9.73971879
-9.73180261
-9.72388997
-9.71597987
-9.70807260
-9.70016852
-9.69226776
-9.68437012
-9.67647547
-9.66858482
-9.66069753
-9.65281372
-9.64493338
-9.63705713
-9.62918477
-9.62131628
-9.61345200
-9.60559201
-9.59773616
-9.58988431
-9.58203737
-9.57419487
-9.56635687
-9.55852324
-9.55069505
-9.54287148
-9.53505278
-9.52723899
-9.51943065
-9.51162758
-9.50382825
-9.49603613
-9.48825010
-9.48046887
-9.47269296
-9.46492294
-9.45715915
-9.44940099
-9.44164878
-9.43390260
-9.42616308
-9.41842956
-9.41070233
-9.40298122
-9.39526728
-9.38755990
-9.37985895
-9.37216487
-9.36447799
-9.35679803
-9.34912495
-9.34145875
-9.33380043
-9.32614913
-9.31850518
-9.31086843
-9.30323979
-9.29561875
-9.28800517
-9.28039922
-9.27280143
-9.26521188
-9.25763012
-9.25005647
-9.24249109
-9.23493424
-9.22738575
-9.21984546
-9.21231371
-9.20479093
-9.19727690
-9.18977153
-9.18227478
-9.17478728
-9.16730890
-9.15983943
-9.15237895
-9.14492789
-9.13748667
-9.13005467
-9.12263253
-9.11521957
-9.10781632
-9.10042303
-9.09303925
-9.08566551
-9.07830152
-9.07094804
-9.06360473
-9.05627141
-9.04894839
-9.04163553
-9.03433368
-9.02704209
-9.01976116
-9.01249080
-9.00523112
-8.99798272
-8.99074499
-8.98351802
-8.97630214
-8.96909750
-8.96190444
-8.95472244
-8.94755182
-8.94039254
-8.93324480
-8.92610896
-8.91898457
-8.91187194
-8.90477071
-8.89768164
-8.89060491
-8.88354000
-8.87648721
-8.86944651
-8.86241800
-8.85540221
-8.84839861
-8.84140750
-8.83442885
-8.82746265
-8.82050963
-8.81356917
-8.80664156
-8.79972678
-8.79282478
-8.78593621
-8.77906075
-8.77219825
-8.76534913
-8.75851316
-8.75169077
-8.74488209
-8.73808676
-8.73130508
-8.72453701
-8.71778252
-8.71104225
-8.70431578
-8.69760330
-8.69090478
-8.68422020
-8.67754991
-8.67089403
-8.66425250
-8.65762528
-8.65101233
-8.64441365
-8.63782995
-8.63126100
-8.62470680
-8.61816722
-8.61164254
-8.60513273
-8.59863800
-8.59215852
-8.58569411
-8.57924474
-8.57281067
-8.56639178
-8.55998857
-8.55360090
-8.54722862
-8.54087197
-8.53453093
-8.52820547
-8.52189603
-8.51560239
-8.50932483
-8.50306320
-8.49681748
-8.49058794
-8.48437462
-8.47817768
-8.47199710
-8.46583276
-8.45968492
-8.45355355
-8.44743860
-8.44134065
-8.43525939
-8.42919477
-8.42314703
-8.41711572
-8.41110175
-8.40510486
-8.39912514
-8.39316252
-8.38721697
-8.38128877
-8.37537795
-8.36948450
-8.36360855
-8.35775031
-8.35190952
-8.34608644
-8.34028102
-8.33449325
-8.32872336
-8.32297151
-8.31723760
-8.31152175
-8.30582393
-8.30014413
-8.29448257
-8.28883924
-8.28321425
-8.27760781
-8.27201963
-8.26644997
-8.26089891
-8.25536633
-8.24985248
-8.24435739
-8.23888117
-8.23342384
-8.22798538
-8.22256577
-8.21716522
-8.21178372
-8.20642124
-8.20107817
-8.19575440
-8.19044980
-8.18516462
-8.17989874
-8.17465239
-8.16942553
-8.16421814
-8.15903067
-8.15386287
-8.14871461
-8.14358613
-8.13847766
-8.13338898
-8.12832033
-8.12327167
-8.11824318
-8.11323488
-8.10824673
-8.10327871
-8.09833102
-8.09340365
-8.08849656
-8.08360997
-8.07874398
-8.07389850
-8.06907367
-8.06426939
-8.05948586
-8.05472305
-8.04998095
-8.04525975
-8.04055943
-8.03588014
-8.03122184
-8.02658464
-8.02196844
-8.01737344
-8.01279961
-8.00824694
-8.00371562
-7.99920563
-7.99471709
-7.99025004
-7.98580446
-7.98138031
-7.97697780
-7.97259689
-7.96823756
-7.96390001
-7.95958420
-7.95529023
-7.95101820
-7.94676806
-7.94253977
-7.93834626
-7.93417534
-7.93001345
-7.92587371
-7.92175611
-7.91766062
-7.91358488
-7.90950876
-7.90547997
-7.90147386
-7.89749029
-7.89352874
-7.88958975
-7.88567330
-7.88177936
-7.87790801
-7.87405952
-7.87023370
-7.86643068
-7.86265045
-7.85889298
-7.85515844
-7.85144680
-7.84775804
-7.84409233
-7.84044965
-7.83683003
-7.83323356
-7.82966024
-7.82611015
-7.82258321
-7.81907958
-7.81559924
-7.81214218
-7.80870853
-7.80529829
-7.80191143
-7.79854811
-7.79520835
-7.79189213
-7.78859953
-7.78533053
-7.78208510
-7.77886347
-7.77566556
-7.77249135
-7.76934100
-7.76621446
-7.76311174
-7.76003249
-7.75697767
-7.75394687
-7.75094000
-7.74795721
-7.74499842
-7.74206363
-7.73915311
-7.73626675
-7.73340453
-7.73056657
-7.72775285
-7.72496338
-7.72219825
-7.71945751
-7.71674112
-7.71404917
-7.71138165
-7.70873855
-7.70611998
-7.70352592
-7.70095641
-7.69841144
-7.69589110
-7.69339540
-7.69092432
-7.68847797
-7.68605633
-7.68365942
-7.68128735
-7.67894006
-7.67661757
-7.67431995
-7.67204720
-7.66979933
-7.66757639
-7.66537842
-7.66320544
-7.66105742
-7.65893447
-7.65683656
-7.65476370
-7.65271598
-7.65069338
-7.64869593
-7.64672369
-7.64477664
-7.64285480
-7.64095818
-7.63908685
-7.63724080
-7.63542004
-7.63362463
-7.63185457
-7.63010986
-7.62839057
-7.62669670
-7.62502827
-7.62338527
-7.62176777
-7.62017577
-7.61860929
-7.61706830
-7.61555295
-7.61406315
-7.61259896
-7.61116039
-7.60974746
-7.60836016
-7.60699856
-7.60566265
-7.60435242
-7.60306795
-7.60180922
-7.60057623
-7.59936905
-7.59818766
-7.59703206
-7.59590230
-7.59479841
-7.59372038
-7.59266824
-7.59164200
-7.59064168
-7.58966728
-7.58871881
-7.58779631
-7.58689979
-7.58602924
-7.58518471
-7.58436619
-7.58357369
-7.58280724
-7.58206686
-7.58135254
-7.58066431
-7.58000219
-7.57936617
-7.57875628
-7.57817253
-7.57761492
-7.57708349
-7.57657822
-7.57609914
-7.57564627
-7.57521960
-7.57481915
-7.57444494
-7.57409696
-7.57377525
-7.57347980
-7.57321062
-7.57296773
-7.57275113
-7.57256084
-7.57239686
-7.57225921
-7.57214789
-7.57206291
-7.57200429
-7.57197203
-7.57196613
-7.57198661
-7.57203349
-7.57210675
-7.57220641
-7.57233249
-7.57248498
-7.57266389
-7.57286924
-7.57310103
-7.57335926
-7.57364394
-7.57395509
-7.57429270
-7.57465677
-7.57504732
-7.57546436
-7.57590788
-7.57637790
-7.57687444
-7.57739746
-7.57794698
-7.57852302
-7.57912560
-7.57975468
-7.58041029
-7.58109245
-7.58180112
-7.58253633
-7.58329809
-7.58408641
-7.58490127
-7.58574267
-7.58661063
-7.58750517
-7.58842626
-7.58937391
-7.59034814
-7.59134892
-7.59237626
-7.59343018
-7.59451070
-7.59561777
-7.59675141
-7.59791166
-7.59909846
-7.60031184
-7.60155180
-7.60281837
-7.60411149
-7.60543119
-7.60677748
-7.60815041
-7.60954986
-7.61097589
-7.61242854
-7.61390773
-7.61541349
-7.61694584
-7.61850480
-7.62009030
-7.62170237
-7.62334102
-7.62500627
-7.62669806
-7.62841641
-7.63016137
-7.63193285
-7.63373090
-7.63555550
-7.63740672
-7.63928443
-7.64118869
-7.64311949
-7.64507688
-7.64706077
-7.64907120
-7.65110815
-7.65317168
-7.65526169
-7.65737822
-7.65952131
-7.66169087
-7.66388693
-7.66610950
-7.66835861
-7.67063417
-7.67293622
-7.67526482
-7.67761988
-7.68000136
-7.68240931
-7.68484372
-7.68730464
-7.68979195
-7.69230571
-7.69484596
-7.69741258
-7.70000563
-7.70262510
-7.70527104
-7.70794332
-7.71064200
-7.71336707
-7.71611859
-7.71889642
-7.72170065
-7.72453121
-7.72738818
-7.73027143
-7.73318102
-7.73611694
-7.73907924
-7.74206779
-7.74508265
-7.74812368
-7.75119112
-7.75428486
-7.75740487
-7.76055120
-7.76372372
-7.76692249
-7.77014748
-7.77339877
-7.77667621
-7.77997985
-7.78330968
-7.78666578
-7.79004797
-7.79345633
-7.79689085
-7.80035159
-7.80383838
-7.80735130
-7.81089033
-7.81445555
-7.81804678
-7.82166409
-7.82530747
-7.82896530
-7.83265345
-7.83638686
-7.84014155
-7.84391534
-7.84771500
-7.85154056
-7.85539209
-7.85926968
-7.86317273
-7.86710174
-7.87105713
-7.87503835
-7.87904547
-7.88307850
-7.88713748
-7.89122225
-7.89533288
-7.89946935
-7.90363175
-7.90781987
-7.91203380
-7.91627351
-7.92053910
-7.92483040
-7.92914752
-7.93349027
-7.93785884
-7.94225303
-7.94667292
-7.95111849
-7.95558983
-7.96008674
-7.96460928
-7.96915744
-7.97373130
-7.97833065
-7.98295559
-7.98760610
-7.99228227
-7.99698388
-8.00171102
-8.00646367
-8.01124192
-8.01604561
-8.02087473
-8.02572929
-8.03060939
-8.03551482
-8.04044565
-8.04540188
-8.05038360
-8.05539057
-8.06042289
-8.06548055
-8.07056352
-8.07567190
-8.08080546
-8.08596429
-8.09114838
-8.09635782
-8.10159237
-8.10685214
-8.11213709
-8.11744735
-8.12278280
-8.12814323
-8.13352879
-8.13893954
-8.14437525
-8.14983604
-8.15532190
-8.16083291
-8.16636884
-8.17192979
-8.17751573
-8.18312676
-8.18876264
-8.19442347
-8.20010923
-8.20582003
-8.21155560
-8.21731605
-8.22310136
-8.22891165
-8.23474666
-8.24060651
-8.24649110
-8.25240060
-8.25833474
-8.26429361
-8.27027722
-8.27628553
-8.28231867
-8.28837631
-8.29445857
-8.30056547
-8.30669712
-8.31285325
-8.31903397
-8.32523925
-8.33146922
-8.33772359
-8.34400247
-8.35030586
-8.35663386
-8.36298619
-8.36936305
-8.37576438
-8.38219013
-8.38864014
-8.39511452
-8.40161326
-8.40813634
-8.41468388
-8.42125558
-8.42785155
-8.43447171
-8.44111628
-8.44778492
-8.45447778
-8.46119483
-8.46793620
-8.47470159
-8.48149111
-8.48830476
-8.49514266
-8.50200450
-8.50889041
-8.51580040
-8.52273446
-8.52969261
-8.53667460
-8.54368058
-8.55071051
-8.55776453
-8.56484229
-8.57194388
-8.57906935
-8.58621885
-8.59339204
-8.60058906
-8.60780989
-8.61505451
-8.62232306
-8.62961522
-8.63693112
-8.64427073
-8.65163421
-8.65902121
-8.66643187
-8.67386618
-8.68132431
-8.68880609
-8.69631119
-8.70383977
-8.71139191
-8.71896775
-8.72656694
-8.73418963
-8.74183580
-8.74950560
-8.75719868
-8.76491518
-8.77265508
-8.78041855
-8.78820521
-8.79601523
-8.80384858
-8.81170524
-8.81958537
-8.82748852
-8.83541488
-8.84336448
-8.85133747
-8.85933350
-8.86735276
-8.87539517
-8.88346087
-8.89154952
-8.89966129
-8.90779615
-8.91595409
-8.92413526
-8.93233929
-8.94056635
-8.94881640
-8.95708949
-8.96538534
-8.97370414
-8.98204587
-8.99041051
-8.99879822
-9.00720863
-9.01564189
-9.02409799
-9.03257710
-9.04107882
-9.04960333
-9.05815064
-9.06672092
-9.07531383
-9.08392912
-9.09256711
-9.10122777
-9.10991127
-9.11861723
-9.12734580
-9.13609698
-9.14487075
-9.15366727
-9.16248615
-9.17132757
-9.18019150
-9.18907811
-9.19798701
-9.20691819
-9.21587181
-9.22484786
-9.23384651
-9.24286735
-9.25191057
-9.26097614
-9.27006426
-9.27917453
-9.28830715
-9.29746196
-9.30663903
-9.31583856
-9.32506000
-9.33430357
-9.34356934
-9.35285749
-9.36216760
-9.37149986
-9.38085423
-9.39023072
-9.39962951
-9.40905016
-9.41849288
-9.42795763
-9.43744462
-9.44695325
-9.45648381
-9.46603653
-9.47561095
-9.48520743
-9.49482561
-9.50446569
-9.51412767
-9.52381150
-9.53351741
-9.54324493
-9.55299428
-9.56276536
-9.57255828
-9.58237275
-9.59220898
-9.60206693
-9.61194661
-9.62184822
-9.63177128
-9.64171601
-9.65168239
-9.66167040
-9.67168026
-9.68171144
-9.69176403
-9.70183818
-9.71193412
-9.72205136
-9.73219013
-9.74235273
-9.75253723
-9.76274088
-9.77296577
-9.78321218
-9.79347992
-9.80376892
-9.81407943
-9.82441110
-9.83476413
-9.84513850
-9.85553442
-9.86595144
-9.87638974
-9.88684934
-9.89733019
-9.90783253
-9.91835580
-9.92890010
-9.93946560
-9.95005229
-9.96066038
-9.97128940
-9.98193956
-9.99261085
-10.00330324
-10.01401699
-10.02475156
-10.03550712
-10.04628354
-10.05708154
-10.06790009
-10.07873956
-10.08960002
-10.10048146
-10.11138409
-10.12230743
-10.13325170
-10.14421688
-10.15520280
-10.16620973
-10.17723729
-10.18828570
-10.19935495
-10.21044502
-10.22155616
-10.23268784
-10.24384031
-10.25501355
-10.26620775
-10.27797659
-10.28925558
-10.30008568
-10.31118979
-10.32248729
-10.33380521
-10.34514378
-10.35650303
-10.36788300
-10.37928370
-10.39070447
-10.40214580
-10.41360769
-10.42509014
-10.43659340
-10.44811692
-10.45966096
-10.47122549
-10.48281052
-10.49441629
-10.50604198
-10.51768807
-10.52935459
-10.54104153
-10.55274914
-10.56447689
-10.57622501
-10.58799350
-10.59978234
-10.61159176
-10.62342094
-10.63527044
-10.64714023
-10.65903032
-10.67094094
-10.68287172
-10.69482286
-10.70679396
-10.71878556
-10.73079693
-10.74282833
-10.75487990
-10.76695165
-10.77904383
-10.79115589
-10.80328808
-10.81544039
-10.82761281
-10.83980559
-10.85201784
-10.86425017
-10.87650256
-10.88877499
-10.90106773
-10.91338023
-10.92571273
-10.93806523
-10.95043773
-10.96283022
-10.97524229
-10.98767431
-11.00012627
-11.01259816
-11.02509025
-11.03760200
-11.05013371
-11.06268520
-11.07525630
-11.08784743
-11.10045811
-11.11308862
-11.12573896
-11.13840912
-11.15109936
-11.16380910
-11.17653862
-11.18928763
-11.20205629
-11.21484499
-11.22765312
-11.24048098
-11.25332855
-11.26619581
-11.27908306
-11.29198970
-11.30491565
-11.31786122
-11.33082643
-11.34381156
-11.35681603
-11.36984012
-11.38288380
-11.39594708
-11.40903014
-11.42213217
-11.43525412
-11.44839538
-11.46155605
-11.47473626
-11.48793629
-11.50115552
-11.51439425
-11.52765221
-11.54092949
-11.55422656
-11.56754277
-11.58087843
-11.59423353
-11.60760805
-11.62100230
-11.63441556
-11.64784789
-11.66129960
-11.67477070
-11.68826147
-11.70177129
-11.71530046
-11.72884898
-11.74241682
-11.75600391
-11.76960996
-11.78323530
-11.79687994
-11.81054386
-11.82422737
-11.83792986
-11.85165176
-11.86539242
-11.87915218
-11.89293148
-11.90672968
-11.92054709
-11.93438371
-11.94823951
-11.96211450
-11.97600872
-11.98992160
-12.00385363
-12.01780481
-12.03177513
-12.04576490
-12.05977347
-12.07380115
-12.08784769
-12.10191311
-12.11599797
-12.13010156
-12.14422422
-12.15836594
-12.17252671
-12.18670686
-12.20090542
-12.21512284
-12.22935927
-12.24361471
-12.25788950
-12.27218309
-12.28649591
-12.30082732
-12.31517731
-12.32954618
-12.34393433
-12.35834109
-12.37276680
-12.38721143
-12.40167499
-12.41615778
-12.43065868
-12.44517848
-12.45971717
-12.47427474
-12.48885154
-12.50344686
-12.51806105
-12.53269389
-12.54734529
-12.56201552
-12.57670493
-12.59141282
-12.60613953
-12.62088505
-12.63564938
-12.65043242
-12.66523382
-12.68005401
-12.69489297
-12.70975070
-12.72462756
-12.73952282
-12.75443681
-12.76936903
-12.78431998
-12.79928966
-12.81427842
-12.82928553
-12.84431134
-12.85935585
-12.87441858
-12.88950030
-12.90460034
-12.91971906
-12.93485644
-12.95001248
-12.96518753
-12.98038057
-12.99559201
-13.01082209
-13.02607079
-13.04133812
-13.05662441
-13.07192896
-13.08725195
-13.10259315
-13.11795293
-13.13333166
-13.14872861
-13.16414412
-13.17957820
-13.19503079
-13.21050179
-13.22599098
-13.24149870
-13.25702521
-13.27257033
-13.28813363
-13.30371581
-13.31931562
-13.33493389
-13.35057066
-13.36622592
-13.38190003
-13.39759184
-13.41330042
-13.42902921
-13.44477637
-13.46054199
-13.47632647
-13.49212899
-13.50794995
-13.52378935
-13.53964670
-13.55552277
-13.57141686
-13.58736147
-13.60332627
-13.61925565
-13.63517733
-13.65116332
-13.66716724
-13.68318954
-13.69923021
-13.71528926
-13.73136706
-13.74746283
-13.76357639
-13.77970828
-13.79585852
-13.81202732
-13.82821492
-13.84442016
-13.86064366
-13.87688495
-13.89314456
-13.90942286
-13.92571908
-13.94203360
-13.95836634
-13.97471651
-13.99108517
-14.00747238
-14.02387764
-14.04030117
-14.05674297
-14.07320304
-14.08968139
-14.10617735
-14.12269156
-14.13922402
-14.15577471
-14.17234364
-14.18893140
-14.20553688
-14.22216045
-14.23880237
-14.25546080
-14.27213917
-14.28883618
-14.30555079
-14.32228312
-14.33903365
-14.35580237
-14.37765423
-14.39379970
-14.40621876
-14.42305980
-14.43991875
-14.45679583
-14.47369148
-14.49060482
-14.50753630
-14.52448588
-14.54145308
-14.55843845
-14.57544055
-14.59246218
-14.60950192
-14.62655971
-14.64363529
-14.66072919
-14.67784064
-14.69497030
-14.71211807
-14.72928383
-14.74646771
-14.76366955
-14.78088888
-14.79812638
-14.81538191
-14.83265541
-14.84994709
-14.86725683
-14.88458404
-14.90192926
-14.91929062
-14.93667201
-14.95407191
-14.97148907
-14.98892390
-15.00637678
-15.02384780
-15.04133596
-15.05884343
-15.07636828
-15.09391065
-15.11147103
-15.12904938
-15.14664572
-15.16426048
-15.18189277
-15.19954257
-15.21721020
-15.23489588
-15.25259957
-15.27031961
-15.28805925
-15.30581651
-15.32359139
-15.34138425
-15.35919555
-15.37702434
-15.39487111
-15.41273562
-15.43061759
-15.44851752
-15.46643588
-15.48437167
-15.50232528
-15.52029679
-15.53828559
-15.55629220
-15.57431735
-15.59236000
-15.61042050
-15.62849680
-15.64659249
-15.66470599
-15.68283838
-15.70098815
-15.71915546
-15.73734058
-15.75554306
-15.77376335
-15.79200202
-15.81025801
-15.82853198
-15.84682383
-15.86513288
-15.88346007
-15.90180471
-15.92016721
-15.93854755
-15.95694496
-15.97536051
-15.99379419
-16.01224295
-16.03071194
-16.04919879
-16.06770350
-16.08622543
-16.10476552
-16.12332299
-16.14189831
-16.16049145
-16.17910240
-16.19773055
-16.21637694
-16.23504063
-16.25372208
-16.27242131
-16.29113835
-16.30987249
-16.32862485
-16.34739451
-16.36618202
-16.38498745
-16.40381087
-16.42264849
-16.44150694
-16.46038259
-16.47927611
-16.49818738
-16.51711618
-16.53606225
-16.55502662
-16.57400810
-16.59300745
-16.61202459
-16.63105914
-16.65011101
-16.66918110
-16.68826838
-16.70737332
-16.72649611
-16.74563621
-16.76479367
-16.78396937
-16.80316243
-16.82237055
-16.84159900
-16.86084453
-16.88010770
-16.89938910
-16.91868766
-16.93800394
-16.95733724
-16.97668821
-16.99605673
-17.01544358
-17.03484766
-17.05426948
-17.07370876
-17.09316506
-17.11263902
-17.13213123
-17.15164080
-17.17116842
-17.19071266
-17.21027427
-17.22985365
-17.24945124
-17.26906309
-17.28869542
-17.30834472
-17.32801160
-17.34769612
-17.36739884
-17.38711870
-17.40685601
-17.42661034
-17.44638232
-17.46617196
-17.48597983
-17.50580468
-17.52564667
-17.54550597
-17.56538276
-17.58527732
-17.60519004
-17.62511966
-17.64506626
-17.66503053
-17.68501233
-17.70500889
-17.72502658
-17.74506089
-17.76511230
-17.78518141
-17.80526814
-17.82537247
-17.84549488
-17.86563357
-17.88578985
-17.90596373
-17.92615513
-17.94636418
-17.96659099
-17.98683453
-18.00709550
-18.02737387
-18.04766931
-18.06798289
-18.08831308
-18.10866151
-18.12902699
-18.14941008
-18.16981076
-18.19022538
-18.21066025
-18.23111324
-18.25158323
-18.27207078
-18.29257583
-18.31309756
-18.33363683
-18.35419426
-18.37476867
-18.39536061
-18.41596947
-18.43659555
-18.45723918
-18.47790090
-18.49857950
-18.51927535
-18.53998806
-18.56071832
-18.58146609
-18.60223197
-18.62301468
-18.64381427
-18.66462794
-18.68546226
-18.70631418
-18.72718362
-18.74807057
-18.76897410
-18.78989509
-18.81083355
-18.83178942
-18.85276275
-18.87375406
-18.89476164
-18.91578660
-18.93682908
-18.95788903
-18.97896557
-19.00005991
-19.02117120
-19.04229999
-19.06344622
-19.08460926
-19.10578946
-19.12698719
-19.14820301
-19.16943214
-19.19068182
-19.21194835
-19.23323194
-19.25453341
-19.27585273
-19.29718897
-19.31854176
-19.33991202
-19.36129971
-19.38270479
