1.00000000
0.99726284
0.99452073
0.99177405
0.98902278
0.98626693
0.98350697
0.98074247
0.97797414
0.97520147
0.97242495
0.96964451
0.96686017
0.96407228
0.96128059
0.95848568
0.95568727
0.95288569
0.95008059
0.94727201
0.94446068
0.94164650
0.93882943
0.93600952
0.93318705
0.93036181
0.92753426
0.92470404
0.92187177
0.91903696
0.91620037
0.91336135
0.91052071
0.90767786
0.90483348
0.90198706
0.89913932
0.89628983
0.89343912
0.89058681
0.88773341
0.88487865
0.88202293
0.87916599
0.87630828
0.87344953
0.87059021
0.86772997
0.86486932
0.86200793
0.85914630
0.85628402
0.85342166
0.85055886
0.84769627
0.84483328
0.84197062
0.83910780
0.83624538
0.83338302
0.83052113
0.82765949
0.82479848
0.82193795
0.81907804
0.81621893
0.81336045
0.81050302
0.80764626
0.80479072
0.80193600
0.79908274
0.79623049
0.79337966
0.79053009
0.78768200
0.78483542
0.78199031
0.77914700
0.77630511
0.77346533
0.77062715
0.76779105
0.76495682
0.76212464
0.75929464
0.75646660
0.75364111
0.75081764
0.74799664
0.74517805
0.74236197
0.73954850
0.73673745
0.73392939
0.73112380
0.72832118
0.72552134
0.72272436
0.71993048
0.71713944
0.71435175
0.71156705
0.70878558
0.70600744
0.70323244
0.70046107
0.69769298
0.69492835
0.69216726
0.68940969
0.68665616
0.68390625
0.68115981
0.67841729
0.67567818
0.67294350
0.67021261
0.66748570
0.66476297
0.66204413
0.65932966
0.65661928
0.65391307
0.65121133
0.64851377
0.64582062
0.64313197
0.64044757
0.63776794
0.63509264
0.63242190
0.62975604
0.62709466
0.62443809
0.62178630
0.61913917
0.61649702
0.61385971
0.61122715
0.60859980
0.60597723
0.60335970
0.60074735
0.59813997
0.59553775
0.59294077
0.59034880
0.58776223
0.58518087
0.58260469
0.58003400
0.57746859
0.57490834
0.57235383
0.56980467
0.56726086
0.56472278
0.56219008
0.55966290
0.55714145
0.55462552
0.55211515
0.54961063
0.54711164
0.54461832
0.54213090
0.53964915
0.53717312
0.53470307
0.53223871
0.52978019
0.52732766
0.52488093
0.52244005
0.52000529
0.51757634
0.51515332
0.51273635
0.51032542
0.50792038
0.50552163
0.50312882
0.50074201
0.49836143
0.49598695
0.49361847
0.49125626
0.48890022
0.48655023
0.48420649
0.48186898
0.47953764
0.47721248
0.47489373
0.47258111
0.47027470
0.46797471
0.46568098
0.46339344
0.46111232
0.45883752
0.45656900
0.45430677
0.45205097
0.44980151
0.44755837
0.44532174
0.44309148
0.44086751
0.43865001
0.43643900
0.43423430
0.43203598
0.42984426
0.42765893
0.42547994
0.42330749
0.42114150
0.41898196
0.41682880
0.41468231
0.41254222
0.41040857
0.40828145
0.40616087
0.40404675
0.40193904
0.39983800
0.39774342
0.39565532
0.39357368
0.39149864
0.38943012
0.38736810
0.38531265
0.38326377
0.38122139
0.37918547
0.37715620
0.37513346
0.37311722
0.37110745
0.36910439
0.36710781
0.36511774
0.36313419
0.36115727
0.35918689
0.35722268
0.35526546
0.35331494
0.35137076
0.34943305
0.34750191
0.34557741
0.34365939
0.34174789
0.33984291
0.33794459
0.33605275
0.33416742
0.33228854
0.33041636
0.32855069
0.32669149
0.32483883
0.32299279
0.32115325
0.31932019
0.31749360
0.31567367
0.31386020
0.31205323
0.31025270
0.30845881
0.30667141
0.30489046
0.30311595
0.30134801
0.29958661
0.29783164
0.29608314
0.29434113
0.29260565
0.29087664
0.28915403
0.28743788
0.28572826
0.28402511
0.28232837
0.28063803
0.27895418
0.27727680
0.27560579
0.27394117
0.27228300
0.27063135
0.26898606
0.26734725
0.26571475
0.26408866
0.26246899
0.26085564
0.25924869
0.25764807
0.25605390
0.25446610
0.25288460
0.25130945
0.24974059
0.24817819
0.24662206
0.24507225
0.24352874
0.24199153
0.24046070
0.23893612
0.23741778
0.23590572
0.23439997
0.23290055
0.23140734
0.22992039
0.22843966
0.22696518
0.22549699
0.22403498
0.22257918
0.22112951
0.21968610
0.21824895
0.21681794
0.21539311
0.21397443
0.21256190
0.21115560
0.20975540
0.20836133
0.20697337
0.20559151
0.20421584
0.20284624
0.20148273
0.20012528
0.19877388
0.19742861
0.19608940
0.19475620
0.19342905
0.19210790
0.19079280
0.18948376
0.18818068
0.18688360
0.18559249
0.18430732
0.18302819
0.18175500
0.18048776
0.17922643
0.17797101
0.17672151
0.17547796
0.17424031
0.17300853
0.17178260
0.17056248
0.16934830
0.16813998
0.16693749
0.16574081
0.16454994
0.16336487
0.16218561
0.16101216
0.15984448
0.15868253
0.15752634
0.15637586
0.15523117
0.15409221
0.15295893
0.15183135
0.15070945
0.14959321
0.14848266
0.14737776
0.14627853
0.14518492
0.14409691
0.14301451
0.14193771
0.14086653
0.13980092
0.13874086
0.13768635
0.13663737
0.13559391
0.13455601
0.13352362
0.13249670
0.13147527
0.13045931
0.12944879
0.12844373
0.12744412
0.12644992
0.12546110
0.12447770
0.12349969
0.12252705
0.12155978
0.12059788
0.11964130
0.11869005
0.11774411
0.11680344
0.11586807
0.11493800
0.11401319
0.11309363
0.11217930
0.11127017
0.11036626
0.10946754
0.10857401
0.10768568
0.10680248
0.10592443
0.10505152
0.10418370
0.10332100
0.10246340
0.10161088
0.10076344
0.09992105
0.09908367
0.09825133
0.09742399
0.09660163
0.09578429
0.09497192
0.09416449
0.09336201
0.09256445
0.09177180
0.09098405
0.09020116
0.08942319
0.08865007
0.08788177
0.08711829
0.08635964
0.08560578
0.08485672
0.08411241
0.08337288
0.08263810
0.08190804
0.08118268
0.08046203
0.07974605
0.07903472
0.07832806
0.07762604
0.07692865
0.07623587
0.07554766
0.07486405
0.07418498
0.07351046
0.07284047
0.07217499
0.07151402
0.07085754
0.07020554
0.06955797
0.06891485
0.06827614
0.06764184
0.06701193
0.06638639
0.06576522
0.06514840
0.06453590
0.06392771
0.06332381
0.06272419
0.06212882
0.06153771
0.06095082
0.06036815
0.05978969
0.05921541
0.05864528
0.05808101
0.05752095
0.05696324
0.05640964
0.05586012
0.05531465
0.05477290
0.05423217
0.05369878
0.05316942
0.05264406
0.05212261
0.05160510
0.05109153
0.05058186
0.05007608
0.04957420
0.04907618
0.04858201
0.04809166
0.04760512
0.04712237
0.04664340
0.04616818
0.04569671
0.04522896
0.04476491
0.04430456
0.04384788
0.04339486
0.04294546
0.04249970
0.04205753
0.04161894
0.04118392
0.04075244
0.04032449
0.03990007
0.03947914
0.03906169
0.03864770
0.03823715
0.03783002
0.03742631
0.03702598
0.03662902
0.03623542
0.03584516
0.03545820
0.03507450
0.03469414
0.03431705
0.03394320
0.03357259
0.03320518
0.03284095
0.03247992
0.03212204
0.03176730
0.03141568
0.03106717
0.03072174
0.03037939
0.03004009
0.02970382
0.02937057
0.02904032
0.02871305
0.02838874
0.02806737
0.02774893
0.02743340
0.02712076
0.02681099
0.02650408
0.02620000
0.02589875
0.02560030
0.02530464
0.02501175
0.02472160
0.02443419
0.02414949
0.02386749
0.02358816
0.02331151
0.02303749
0.02276610
0.02249732
0.02223114
0.02196752
0.02170647
0.02144796
0.02119197
0.02093849
0.02068750
0.02043898
0.02019290
0.01994928
0.01970807
0.01946925
0.01923283
0.01899878
0.01876708
0.01853771
0.01831066
0.01808592
0.01786345
0.01764326
0.01742532
0.01720961
0.01699611
0.01678483
0.01657572
0.01636879
0.01616401
0.01596136
0.01576083
0.01556241
0.01536608
0.01517181
0.01497960
0.01478943
0.01460128
0.01441513
0.01423098
0.01404880
0.01386858
0.01369031
0.01351396
0.01333953
0.01316700
0.01299634
0.01282756
0.01266062
0.01249552
0.01233224
0.01217076
0.01201107
0.01185316
0.01169700
0.01154259
0.01138991
0.01123895
0.01108968
0.01094210
0.01079619
0.01065194
0.01050933
0.01036835
0.01022898
0.01009121
0.00995503
0.00982041
0.00968736
0.00955584
0.00942586
0.00929738
0.00917041
0.00904493
0.00892092
0.00879837
0.00867727
0.00855760
0.00843936
0.00832251
0.00820706
0.00809300
0.00798029
0.00786895
0.00775894
0.00765027
0.00754290
0.00743684
0.00733208
0.00722859
0.00712636
0.00702539
0.00692566
0.00682716
0.00672988
0.00663380
0.00653891
0.00644520
0.00635266
0.00626128
0.00617104
0.00608194
0.00599396
0.00590709
0.00582132
0.00573664
0.00565303
0.00557049
0.00548901
0.00540856
0.00532915
0.00525077
0.00517339
0.00509701
0.00502163
0.00494722
0.00487378
0.00480130
0.00472977
0.00465917
0.00458950
0.00452075
0.00445291
0.00438597
0.00431991
0.00425473
0.00419042
0.00412697
0.00406437
0.00400261
0.00394167
0.00388156
0.00382226
0.00376377
0.00370606
0.00364915
0.00359300
0.00353762
0.00348301
0.00342914
0.00337601
0.00332361
0.00327194
0.00322098
0.00317073
0.00312118
0.00307232
0.00302413
0.00297663
0.00292979
0.00288361
0.00283807
0.00279319
0.00274893
0.00270530
0.00266230
0.00261990
0.00257811
0.00253692
0.00249631
0.00245629
0.00241685
0.00237797
0.00233965
0.00230189
0.00226468
0.00222801
0.00219187
0.00215626
0.00212117
0.00208659
0.00205253
0.00201896
0.00198589
0.00195330
0.00192120
0.00188958
0.00185842
0.00182773
0.00179750
0.00176772
0.00173838
0.00170949
0.00168103
0.00165300
0.00162539
0.00159820
0.00157143
0.00154506
0.00151909
0.00149351
0.00146833
0.00144354
0.00141912
0.00139508
0.00137141
0.00134810
0.00132516
0.00130257
0.00128033
0.00125844
0.00123689
0.00121567
0.00119479
0.00117423
0.00115400
0.00113408
0.00111448
0.00109518
0.00107620
0.00105751
0.00103912
0.00102102
0.00100321
0.00098569
0.00096844
0.00095147
0.00093478
0.00091835
0.00090219
0.00088628
0.00087064
0.00085525
0.00084015
0.00082528
0.00081058
0.00079614
0.00078196
0.00076801
0.00075429
0.00074080
0.00072753
0.00071448
0.00070165
0.00068902
0.00067661
0.00066440
0.00065239
0.00064059
0.00062898
0.00061756
0.00060634
0.00059531
0.00058446
0.00057379
0.00056330
0.00055299
0.00054286
0.00053289
0.00052310
0.00051347
0.00050401
0.00049470
0.00048556
0.00047657
0.00046774
0.00045906
0.00045053
0.00044214
0.00043390
0.00042580
0.00041785
0.00041003
0.00040234
0.00039479
0.00038738
0.00038009
0.00037293
0.00036589
0.00035898
0.00035219
0.00034552
0.00033896
0.00033253
0.00032620
0.00031999
0.00031389
0.00030789
0.00030201
0.00029623
0.00029055
0.00028497
0.00027949
0.00027411
0.00026883
0.00026364
0.00025855
0.00025355
0.00024864
0.00024381
0.00023908
0.00023443
0.00022986
0.00022538
0.00022098
0.00021666
0.00021242
0.00020826
0.00020418
0.00020016
0.00019623
0.00019236
0.00018857
0.00018485
0.00018119
0.00017761
0.00017409
0.00017063
0.00016724
0.00016391
0.00016065
0.00015745
0.00015430
0.00015122
0.00014819
0.00014522
0.00014231
0.00013945
0.00013664
0.00013389
0.00013119
0.00012854
0.00012595
0.00012340
0.00012090
0.00011844
0.00011604
0.00011368
0.00011137
0.00010910
0.00010687
0.00010469
0.00010254
0.00010044
0.00009839
0.00009637
0.00009439
0.00009244
0.00009054
0.00008867
0.00008684
0.00008505
0.00008329
0.00008156
0.00007987
0.00007821
0.00007658
0.00007499
0.00007343
0.00007190
0.00007039
0.00006892
0.00006748
0.00006606
0.00006468
0.00006332
0.00006199
0.00006068
0.00005940
0.00005815
0.00005692
0.00005572
0.00005454
0.00005338
0.00005225
0.00005114
0.00005005
0.00004899
0.00004794
0.00004692
0.00004592
0.00004494
0.00004397
0.00004303
0.00004211
0.00004121
0.00004032
0.00003945
0.00003860
0.00003777
0.00003695
0.00003615
0.00003537
0.00003461
0.00003386
0.00003312
0.00003240
0.00003170
0.00003101
0.00003033
0.00002967
0.00002902
0.00002839
0.00002776
0.00002716
0.00002656
0.00002598
0.00002541
0.00002485
0.00002430
0.00002376
0.00002324
0.00002273
0.00002222
0.00002173
0.00002125
0.00002078
0.00002032
0.00001986
0.00001942
0.00001899
0.00001857
0.00001815
0.00001775
0.00001735
0.00001696
0.00001658
0.00001621
0.00001584
0.00001549
0.00001514
0.00001480
0.00001446
0.00001414
0.00001382
0.00001351
0.00001320
0.00001290
0.00001261
0.00001232
0.00001204
0.00001177
0.00001150
0.00001124
0.00001098
0.00001073
0.00001049
0.00001025
0.00001001
0.00000978
0.00000956
0.00000934
0.00000912
0.00000891
0.00000871
0.00000851
0.00000831
0.00000812
0.00000793
0.00000775
0.00000757
0.00000739
0.00000722
0.00000705
0.00000689
0.00000673
0.00000657
0.00000642
0.00000627
0.00000612
0.00000598
0.00000584
0.00000570
0.00000557
0.00000544
0.00000531
0.00000519
0.00000506
0.00000494
0.00000483
0.00000471
0.00000460
0.00000449
0.00000439
0.00000428
0.00000418
0.00000408
0.00000399
0.00000389
0.00000380
0.00000371
0.00000362
0.00000353
0.00000345
0.00000337
0.00000329
0.00000321
0.00000313
0.00000306
0.00000298
0.00000291
0.00000284
0.00000277
0.00000271
0.00000264
0.00000258
0.00000251
0.00000245
0.00000239
0.00000234
0.00000228
0.00000222
0.00000217
0.00000212
0.00000207
0.00000202
0.00000197
0.00000192
0.00000187
0.00000183
0.00000178
0.00000174
0.00000170
0.00000165
0.00000161
0.00000157
0.00000154
0.00000150
0.00000146
0.00000142
0.00000139
0.00000136
0.00000132
0.00000129
0.00000126
0.00000123
0.00000120
0.00000117
0.00000114
0.00000111
0.00000108
0.00000105
0.00000103
0.00000100
0.00000098
0.00000095
0.00000093
0.00000091
0.00000088
0.00000086
0.00000084
0.00000082
0.00000080
0.00000078
0.00000076
0.00000074
0.00000072
0.00000070
0.00000068
0.00000067
0.00000065
0.00000063
0.00000062
0.00000060
0.00000059
0.00000057
0.00000056
0.00000054
0.00000053
0.00000052
0.00000050
0.00000049
0.00000048
0.00000047
0.00000045
0.00000044
0.00000043
0.00000042
0.00000041
0.00000040
0.00000039
0.00000038
0.00000037
0.00000036
0.00000035
0.00000034
0.00000033
0.00000032
0.00000032
0.00000031
0.00000030
0.00000029
0.00000028
0.00000028
0.00000027
0.00000026
0.00000026
0.00000025
0.00000024
0.00000024
0.00000023
0.00000022
0.00000022
0.00000021
0.00000021
0.00000020
0.00000020
0.00000019
0.00000019
0.00000018
0.00000018
0.00000017
0.00000017
0.00000016
0.00000016
0.00000015
0.00000015
0.00000015
0.00000014
0.00000014
0.00000014
0.00000013
0.00000013
0.00000012
0.00000012
0.00000012
0.00000012
0.00000011
0.00000011
0.00000011
0.00000010
0.00000010
0.00000010
0.00000010
0.00000009
0.00000009
0.00000009
0.00000009
0.00000008
0.00000008
0.00000008
0.00000008
0.00000007
0.00000007
0.00000007
0.00000007
0.00000007
0.00000007
0.00000006
0.00000006
0.00000006
0.00000006
0.00000006
0.00000006
0.00000005
0.00000005
0.00000005
0.00000005
0.00000005
0.00000005
0.00000005
0.00000004
0.00000004
0.00000004
0.00000004
0.00000004
0.00000004
0.00000004
0.00000004
0.00000004
0.00000003
0.00000003
0.00000003
0.00000003
0.00000003
0.00000003
0.00000003
0.00000003
0.00000003
0.00000003
0.00000003
0.00000003
0.00000002
0.00000002
0.00000002
0.00000002
0.00000002
0.00000002
0.00000002
0.00000002
0.00000002
0.00000002
0.00000002
0.00000002
0.00000002
0.00000002
0.00000002
0.00000002
0.00000002
0.00000002
0.00000001
0.00000001
0.00000001
0.00000001
0.00000001
0.00000001
0.00000001
0.00000001
0.00000001
0.00000001
0.00000001
0.00000001
0.00000001
0.00000001
0.00000001
0.00000001
0.00000001
0.00000001
0.00000001
0.00000001
0.00000001
0.00000001
0.00000001
0.00000001
0.00000001
0.00000001
0.00000001
0.00000001
0.00000001
0.00000001
0.00000001
0.00000001
0.00000001
0.00000001
0.00000001
0.00000001
0.00000001
0.00000001
0.00000001
0.00000000
0.00000000
0.00000000
0.00000000
0.00000000
0.00000000
0.00000000
0.00000000
0.00000000
0.00000000
0.00000000
0.00000000
0.00000000
0.00000000
0.00000000
0.00000000
0.00000000
0.00000000
0.00000000
0.00000000
0.00000000
0.00000000
0.00000000
0.00000000
0.00000000
0.00000000
0.00000000
0.00000000
0.00000000
0.00000000
0.00000000
0.00000000
0.00000000
0.00000000
0.00000000
0.00000000
0.00000000
0.00000000
0.00000000
0.00000000
0.00000000
0.00000000
0.00000000
0.00000000
0.00000000
0.00000000
0.00000000
0.00000000
0.00000000
0.00000000
0.00000000
0.00000000
0.00000000
0.00000000
0.00000000
0.00000000
0.00000000
0.00000000
0.00000000
0.00000000
0.00000000
0.00000000
0.00000000
0.00000000
0.00000000
0.00000000
0.00000000
0.00000000
0.00000000
0.00000000
0.00000000
0.00000000
0.00000000
0.00000000
0.00000000
0.00000000
0.00000000
0.00000000
0.00000000
0.00000000
0.00000000
0.00000000
0.00000000
0.00000000
0.00000000
0.00000000
0.00000000
0.00000000
0.00000000
0.00000000
0.00000000
0.00000000
0.00000000
0.00000000
0.00000000
0.00000000
0.00000000
0.00000000
0.00000000
0.00000000
0.00000000
0.00000000
0.00000000
0.00000000
0.00000000
0.00000000
0.00000000
0.00000000
0.00000000
0.00000000
0.00000000
0.00000000
0.00000000
0.00000000
0.00000000
0.00000000
0.00000000
0.00000000
0.00000000
0.00000000
0.00000000
0.00000000
0.00000000
0.00000000
0.00000000
0.00000000
0.00000000
0.00000000
0.00000000
0.00000000
0.00000000
0.00000000
0.00000000
0.00000000
0.00000000
0.00000000
0.00000000
0.00000000
0.00000000
0.00000000
0.00000000
0.00000000
0.00000000
0.00000000
0.00000000
0.00000000
0.00000000
0.00000000
0.00000000
0.00000000
0.00000000
0.00000000
0.00000000
0.00000000
0.00000000
0.00000000
0.00000000
0.00000000
0.00000000
0.00000000
0.00000000
0.00000000
0.00000000
0.00000000
0.00000000
0.00000000
0.00000000
0.00000000
0.00000000
0.00000000
0.00000000
0.00000000
0.00000000
0.00000000
0.00000000
0.00000000
0.00000000
0.00000000
0.00000000
0.00000000
0.00000000
0.00000000
0.00000000
0.00000000
0.00000000
0.00000000
0.00000000
0.00000000
0.00000000
0.00000000
0.00000000
0.00000000
0.00000000
0.00000000
0.00000000
0.00000000
0.00000000
0.00000000
0.00000000
0.00000000
0.00000000
0.00000000
0.00000000
0.00000000
0.00000000
0.00000000
0.00000000
0.00000000
0.00000000
0.00000000
0.00000000
0.00000000
0.00000000
0.00000000
0.00000000
0.00000000
0.00000000
0.00000000
0.00000000
0.00000000
0.00000000
0.00000000
0.00000000
0.00000000
0.00000000
0.00000000
0.00000000
0.00000000
0.00000000
0.00000000
0.00000000
0.00000000
0.00000000
0.00000000
0.00000000
0.00000000
0.00000000
0.00000000
0.00000000
0.00000000
0.00000000
0.00000000
0.00000000
0.00000000
0.00000000
0.00000000
0.00000000
0.00000000
0.00000000
0.00000000
0.00000000
0.00000000
0.00000000
0.00000000
0.00000000
0.00000000
0.00000000
0.00000000
0.00000000
0.00000000
0.00000000
0.00000000
0.00000000
0.00000000
0.00000000
0.00000000
0.00000000
0.00000000
0.00000000
0.00000000
0.00000000
0.00000000
0.00000000
0.00000000
0.00000000
0.00000000
0.00000000
0.00000000
0.00000000
0.00000000
0.00000000
0.00000000
0.00000000
0.00000000
0.00000000
0.00000000
0.00000000
0.00000000
0.00000000
0.00000000
0.00000000
0.00000000
0.00000000
0.00000000
0.00000000
0.00000000
0.00000000
0.00000000
0.00000000
0.00000000
0.00000000
0.00000000
0.00000000
0.00000000
0.00000000
0.00000000
0.00000000
0.00000000
0.00000000
0.00000000
0.00000000
0.00000000
0.00000000
0.00000000
0.00000000
0.00000000
0.00000000
0.00000000
0.00000000
0.00000000
0.00000000
0.00000000
0.00000000
0.00000000
0.00000000
0.00000000
0.00000000
0.00000000
0.00000000
0.00000000
0.00000000
0.00000000
0.00000000
0.00000000
0.00000000
0.00000000
0.00000000
0.00000000
0.00000000
0.00000000
0.00000000
0.00000000
0.00000000
0.00000000
0.00000000
0.00000000
0.00000000
0.00000000
0.00000000
0.00000000
0.00000000
0.00000000
0.00000000
0.00000000
0.00000000
0.00000000
0.00000000
0.00000000
0.00000000
0.00000000
0.00000000
0.00000000
0.00000000
0.00000000
0.00000000
0.00000000
0.00000000
0.00000000
0.00000000
0.00000000
