6.128312972258059127e-02
9.255077387386553833e-02
1.867211907443206212e-02
5.623276559331012031e-02
4.914345942156482516e-02
9.018527684830771052e-02
7.595922886835079768e-02
9.819468319104794618e-02
1.142166548140480659e-01
1.237090135860000606e-01
1.636531554802597987e-01
1.556646387829396239e-01
2.040387478575386715e-01
2.281781624884801629e-01
2.295039452620143139e-01
2.598709156786147556e-01
3.003278146651280900e-01
3.187080117725960005e-01
3.791850311655883821e-01
3.865589632970229395e-01
4.030311484222054430e-01
4.887733158118229837e-01
5.037093771407876730e-01
5.397035402874087451e-01
5.585477098052757938e-01
6.678158665604758681e-01
6.869495795557971629e-01
7.672089223096661970e-01
