3.446207444266175673e-02
1.112189752891891564e-01
8.851919132360124010e-02
5.315059407294624172e-02
2.904669348191946544e-03
2.277479781003789033e-02
1.841665231777780271e-02
2.233300308253348757e-02
2.478876370064410709e-02
2.945877521727224835e-02
2.978401276090833494e-02
3.222956090857307526e-02
3.485032182941161932e-02
3.704638160315028295e-02
4.048527802909016732e-02
4.708807515639974045e-02
4.318335355905245088e-02
5.000011916441383236e-02
5.643231973601736673e-02
6.382779372037308829e-02
6.645493223416475137e-02
7.434530677547836197e-02
8.100637060488095897e-02
8.741524164367563132e-02
1.003061690624266755e-01
9.690204117572101539e-02
1.053280651755742620e-01
1.186511926610471362e-01
9.782649200426481173e-02
1.234185453241294639e-01
9.578151116287475508e-02
2.644989552544117078e-02
2.292843417624958191e-02
4.696509154386625112e-02
3.695607772557034376e-02
4.668598408798192712e-02
5.692961099298748939e-02
6.105298214485765929e-02
7.524325667200161549e-02
7.811506904674896112e-02
8.029868654907872105e-02
9.590845493900342078e-02
1.007886609533005379e-01
1.083636964952413156e-01
1.179512194916377821e-01
1.449681839318091026e-01
1.461228401586755488e-01
1.653204960735408791e-01
1.692704069685216917e-01
1.855795173691950350e-01
1.938644662089564763e-01
2.117507051949710228e-01
2.237748010735639836e-01
2.377961371618038111e-01
2.604370909552235491e-01
2.980181796499522529e-01
9.026371753718652469e-02
1.271750442603084841e-01
9.929728937008688860e-02
4.864730481507041626e-02
2.290987157637788124e-02
3.597130472002710300e-02
3.263443251761961178e-02
4.408935514414059897e-02
4.533021439046649309e-02
5.176674687790922685e-02
6.156331583844081023e-02
6.260676408742234245e-02
7.451248783533988285e-02
7.939824282702634406e-02
9.214044612160546266e-02
9.456128853107612087e-02
1.058437455032670838e-01
1.108907923630614301e-01
1.249182297574104594e-01
1.441455048679703699e-01
1.495587678931399878e-01
1.581855687485869133e-01
1.793606276592347726e-01
1.768361072514006149e-01
2.058827749641098104e-01
2.204680195580150937e-01
2.371741113544666157e-01
2.493357621549687764e-01
6.128312972258059127e-02
9.255077387386553833e-02
1.867211907443206212e-02
5.623276559331012031e-02
4.914345942156482516e-02
9.018527684830771052e-02
7.595922886835079768e-02
9.819468319104794618e-02
1.142166548140480659e-01
1.237090135860000606e-01
1.636531554802597987e-01
1.556646387829396239e-01
2.040387478575386715e-01
2.281781624884801629e-01
2.295039452620143139e-01
2.598709156786147556e-01
3.003278146651280900e-01
3.187080117725960005e-01
3.791850311655883821e-01
3.865589632970229395e-01
4.030311484222054430e-01
4.887733158118229837e-01
5.037093771407876730e-01
5.397035402874087451e-01
5.585477098052757938e-01
6.678158665604758681e-01
6.869495795557971629e-01
7.672089223096661970e-01
