5.066264999999999658e-02
5.004178000000000098e-02
2.336738000000000010e-02
4.144199999999999967e-02
1.922543999999999989e-02
9.775041999999999412e-03
6.205363999999999672e-03
8.090595999999999812e-04
5.615925999999999601e-04
-3.802478000000000195e-03
-9.156984999999999431e-03
1.298716999999999927e-02
-9.599913999999999323e-03
-2.812508000000000022e-03
-1.139379000000000043e-03
1.498943999999999971e-02
2.843619999999999828e-03
7.794472000000000206e-03
-5.772224000000000278e-03
2.288758000000000112e-02
1.257170999999999983e-02
2.764329999999999912e-02
2.940591000000000038e-02
4.126976000000000255e-02
2.519876000000000060e-02
2.853612999999999983e-02
3.866801999999999739e-02
1.650690000000000143e-02
2.581318999999999975e-02
1.004875000000000039e-02
5.772652000000000339e-02
6.216026999999999664e-02
-4.215596000000000274e-03
-1.863124999999999851e-02
1.728607000000000060e-02
3.919970999999999872e-02
1.615331999999999879e-02
-1.936758999999999920e-03
-1.487314999999999991e-02
2.942111999999999852e-02
3.496951000000000226e-02
-1.643282000000000076e-02
1.656463999999999853e-02
8.788674999999999959e-02
-6.419946999999999633e-03
-2.412063999999999875e-02
-6.300139000000000433e-02
7.594478000000000339e-02
-2.582867999999999969e-02
-1.495996999999999952e-02
-1.244127000000000011e-01
8.145371999999999335e-02
1.351105999999999974e-01
-6.089209999999999762e-02
7.247288999999999815e-02
9.048583999999999794e-02
