-5.205867999999999780e-03
3.506806999999999980e-02
4.645918999999999743e-02
3.575280000000000125e-02
2.060015000000000110e-02
3.548275999999999947e-03
2.079757000000000133e-02
-4.139069000000000428e-03
4.561187999999999874e-03
1.068419999999999960e-02
2.671155999999999878e-02
3.331665999999999794e-02
-2.232755000000000156e-02
-1.065663000000000027e-02
3.711546000000000289e-02
1.568945000000000062e-02
-7.953402999999999515e-03
7.390791999999999761e-04
4.119633000000000322e-02
4.148679000000000255e-02
-7.629951999999999741e-03
3.419616000000000322e-02
-3.265069000000000304e-02
4.006905000000000189e-02
-2.361695000000000114e-02
3.002733999999999959e-02
-5.499282999999999949e-02
7.978148999999999658e-02
