9.026371753718652469e-02
1.271750442603084841e-01
9.929728937008688860e-02
4.864730481507041626e-02
2.290987157637788124e-02
3.597130472002710300e-02
3.263443251761961178e-02
4.408935514414059897e-02
4.533021439046649309e-02
5.176674687790922685e-02
6.156331583844081023e-02
6.260676408742234245e-02
7.451248783533988285e-02
7.939824282702634406e-02
9.214044612160546266e-02
9.456128853107612087e-02
1.058437455032670838e-01
1.108907923630614301e-01
1.249182297574104594e-01
1.441455048679703699e-01
1.495587678931399878e-01
1.581855687485869133e-01
1.793606276592347726e-01
1.768361072514006149e-01
2.058827749641098104e-01
2.204680195580150937e-01
2.371741113544666157e-01
2.493357621549687764e-01
